Data;Ticker;Market Cap
01/06/1995;AESB3;0,00
01/06/1995;AALR3;0,00
01/06/1995;ALPA4;221.64
01/06/1995;ALUP11;0,00
01/06/1995;ABEV3;2760.13
01/06/1995;AMER3;0,00
01/06/1995;ANIM3;0,00
01/06/1995;ARZZ3;0,00
01/06/1995;AZEV4;4.05
01/06/1995;BLUT4;7.93
01/06/1995;BRAP3;0,00
01/06/1995;BRAP4;0,00
01/06/1995;AGRO3;0,00
01/06/1995;BRKM5;841.05
01/06/1995;BRFS3;314.21
01/06/1995;CCRO3;0,00
01/06/1995;CLSC4;341.94
01/06/1995;CMIG4;2666.3
01/06/1995;CESP6;2345.4
01/06/1995;COCE5;0,00
01/06/1995;COGN3;0,00
01/06/1995;CGAS5;0,00
01/06/1995;CSMG3;0,00
01/06/1995;CPLE6;1666.83
01/06/1995;CSAN3;0,00
01/06/1995;CPFE3;0,00
01/06/1995;CRPG5;34.81
01/06/1995;CARD3;0,00
01/06/1995;CVCB3;0,00
01/06/1995;CYRE3;0,00
01/06/1995;DASA3;0,00
01/06/1995;DXCO3;0,00
01/06/1995;DEXP3;0,00
01/06/1995;PNVL3;22.9
01/06/1995;DIRR3;0,00
01/06/1995;ECOR3;0,00
01/06/1995;ELET3;14135.78
01/06/1995;EMBR3;51.09
01/06/1995;ENAT3;0,00
01/06/1995;ENBR3;0,00
01/06/1995;ENGI3;0,00
01/06/1995;ENEV3;0,00
01/06/1995;EGIE3;0,00
01/06/1995;EQTL3;0,00
01/06/1995;ETER3;181.9
01/06/1995;EUCA4;59.64
01/06/1995;EVEN3;0,00
01/06/1995;EZTC3;0,00
01/06/1995;FHER3;0,00
01/06/1995;FESA4;24.72
01/06/1995;FLRY3;0,00
01/06/1995;FRAS3;11.23
01/06/1995;GFSA3;0,00
01/06/1995;GGBR4;100.04
01/06/1995;GOAU4;71.61
01/06/1995;GRND3;0,00
01/06/1995;NTCO3;0,00
01/06/1995;GUAR3;99.58
01/06/1995;HBOR3;0,00
01/06/1995;HYPE3;0,00
01/06/1995;PARD3;0,00
01/06/1995;MEAL3;0,00
01/06/1995;ROMI3;68.25
01/06/1995;MYPK3;97.19
01/06/1995;RANI3;0,00
01/06/1995;JBSS3;0,00
01/06/1995;JHSF3;0,00
01/06/1995;KEPL3;0,00
01/06/1995;KLBN11;751.33
01/06/1995;LIGT3;3231.55
01/06/1995;RENT3;0,00
01/06/1995;LCAM3;0,00
01/06/1995;LOGN3;0,00
01/06/1995;AMAR3;0,00
01/06/1995;LREN3;95.94
01/06/1995;LUPA3;0,00
01/06/1995;MDIA3;0,00
01/06/1995;MGLU3;0,00
01/06/1995;POMO4;117.07
01/06/1995;MRFG3;0,00
01/06/1995;LEVE3;55.76
01/06/1995;MILS3;0,00
01/06/1995;BEEF3;0,00
01/06/1995;MOVI3;0,00
01/06/1995;MRVE3;0,00
01/06/1995;ODPV3;0,00
01/06/1995;OIBR3;898.6
01/06/1995;OFSA3;0,00
01/06/1995;PCAR3;694.91
01/06/1995;PETR4;6287.29
01/06/1995;PRIO3;0,00
01/06/1995;PTBL3;0,00
01/06/1995;POSI3;0,00
01/06/1995;PFRM3;0,00
01/06/1995;QUAL3;0,00
01/06/1995;RADL3;0,00
01/06/1995;RAPT4;88.54
01/06/1995;RAIL3;0,00
01/06/1995;SBSP3;0,00
01/06/1995;SAPR4;0,00
01/06/1995;STBP3;0,00
01/06/1995;SMTO3;0,00
01/06/1995;SHUL4;29.23
01/06/1995;SEER3;0,00
01/06/1995;CSNA3;1496.87
01/06/1995;SQIA3;0,00
01/06/1995;SLCE3;0,00
01/06/1995;SGPS3;0,00
01/06/1995;TAEE11;0,00
01/06/1995;TASA4;21.65
01/06/1995;TECN3;0,00
01/06/1995;TCSA3;0,00
01/06/1995;TGMA3;0,00
01/06/1995;TELB4;0,00
01/06/1995;VIVT3;7219.75
01/06/1995;LAND3;0,00
01/06/1995;TIMS3;0,00
01/06/1995;SHOW3;0,00
01/06/1995;TOTS3;0,00
01/06/1995;TRPL4;0,00
01/06/1995;TRIS3;0,00
01/06/1995;TPIS3;0,00
01/06/1995;TUPY3;80.91
01/06/1995;UGPA3;0,00
01/06/1995;UCAS3;0,00
01/06/1995;UNIP6;140.23
01/06/1995;USIM5;1695.78
01/06/1995;VALE3;10489.75
01/06/1995;VLID3;0,00
01/06/1995;VIIA3;0,00
01/06/1995;VULC3;0,00
01/06/1995;WEGE3;297.55
01/06/1995;PORT3;0,00
01/06/1995;YDUQ3;0,00
01/06/1996;AESB3;0,00
01/06/1996;AALR3;0,00
01/06/1996;ALPA4;111.28
01/06/1996;ALUP11;0,00
01/06/1996;ABEV3;4191.07
01/06/1996;AMER3;0,00
01/06/1996;ANIM3;0,00
01/06/1996;ARZZ3;0,00
01/06/1996;AZEV4;3.65
01/06/1996;BLUT4;1.1
01/06/1996;BRAP3;0,00
01/06/1996;BRAP4;0,00
01/06/1996;AGRO3;0,00
01/06/1996;BRKM5;716.31
01/06/1996;BRFS3;445.42
01/06/1996;CCRO3;0,00
01/06/1996;CLSC4;751.54
01/06/1996;CMIG4;4854.93
01/06/1996;CESP6;4023.38
01/06/1996;COCE5;382.31
01/06/1996;COGN3;0,00
01/06/1996;CGAS5;0,00
01/06/1996;CSMG3;0,00
01/06/1996;CPLE6;2657.09
01/06/1996;CSAN3;0,00
01/06/1996;CPFE3;0,00
01/06/1996;CRPG5;55.19
01/06/1996;CARD3;0,00
01/06/1996;CVCB3;0,00
01/06/1996;CYRE3;158.02
01/06/1996;DASA3;0,00
01/06/1996;DXCO3;0,00
01/06/1996;DEXP3;0,00
01/06/1996;PNVL3;58.34
01/06/1996;DIRR3;0,00
01/06/1996;ECOR3;0,00
01/06/1996;ELET3;20113.08
01/06/1996;EMBR3;433.24
01/06/1996;ENAT3;0,00
01/06/1996;ENBR3;0,00
01/06/1996;ENGI3;0,00
01/06/1996;ENEV3;0,00
01/06/1996;EGIE3;0,00
01/06/1996;EQTL3;0,00
01/06/1996;ETER3;188.18
01/06/1996;EUCA4;56.41
01/06/1996;EVEN3;0,00
01/06/1996;EZTC3;0,00
01/06/1996;FHER3;0,00
01/06/1996;FESA4;22.51
01/06/1996;FLRY3;0,00
01/06/1996;FRAS3;59.11
01/06/1996;GFSA3;0,00
01/06/1996;GGBR4;377.17
01/06/1996;GOAU4;143.46
01/06/1996;GRND3;0,00
01/06/1996;NTCO3;0,00
01/06/1996;GUAR3;246.62
01/06/1996;HBOR3;0,00
01/06/1996;HYPE3;0,00
01/06/1996;PARD3;0,00
01/06/1996;MEAL3;0,00
01/06/1996;ROMI3;41.61
01/06/1996;MYPK3;48.95
01/06/1996;RANI3;19.63
01/06/1996;JBSS3;0,00
01/06/1996;JHSF3;0,00
01/06/1996;KEPL3;0,00
01/06/1996;KLBN11;874.27
01/06/1996;LIGT3;3746,00
01/06/1996;RENT3;0,00
01/06/1996;LCAM3;0,00
01/06/1996;LOGN3;0,00
01/06/1996;AMAR3;0,00
01/06/1996;LREN3;180.22
01/06/1996;LUPA3;0,00
01/06/1996;MDIA3;0,00
01/06/1996;MGLU3;0,00
01/06/1996;POMO4;141.46
01/06/1996;MRFG3;0,00
01/06/1996;LEVE3;36.5
01/06/1996;MILS3;0,00
01/06/1996;BEEF3;0,00
01/06/1996;MOVI3;0,00
01/06/1996;MRVE3;0,00
01/06/1996;ODPV3;0,00
01/06/1996;OIBR3;1699.82
01/06/1996;OFSA3;0,00
01/06/1996;PCAR3;1285.59
01/06/1996;PETR4;15406.64
01/06/1996;PRIO3;0,00
01/06/1996;PTBL3;0,00
01/06/1996;POSI3;0,00
01/06/1996;PFRM3;0,00
01/06/1996;QUAL3;0,00
01/06/1996;RADL3;0,00
01/06/1996;RAPT4;76.53
01/06/1996;RAIL3;0,00
01/06/1996;SBSP3;2660.67
01/06/1996;SAPR4;0,00
01/06/1996;STBP3;0,00
01/06/1996;SMTO3;0,00
01/06/1996;SHUL4;17.95
01/06/1996;SEER3;0,00
01/06/1996;CSNA3;2138.02
01/06/1996;SQIA3;0,00
01/06/1996;SLCE3;0,00
01/06/1996;SGPS3;0,00
01/06/1996;TAEE11;0,00
01/06/1996;TASA4;39.54
01/06/1996;TECN3;0,00
01/06/1996;TCSA3;0,00
01/06/1996;TGMA3;0,00
01/06/1996;TELB4;0,00
01/06/1996;VIVT3;11947.73
01/06/1996;LAND3;0,00
01/06/1996;TIMS3;0,00
01/06/1996;SHOW3;0,00
01/06/1996;TOTS3;0,00
01/06/1996;TRPL4;0,00
01/06/1996;TRIS3;0,00
01/06/1996;TPIS3;0,00
01/06/1996;TUPY3;48.65
01/06/1996;UGPA3;0,00
01/06/1996;UCAS3;0,00
01/06/1996;UNIP6;98.07
01/06/1996;USIM5;2249.35
01/06/1996;VALE3;9288.84
01/06/1996;VLID3;0,00
01/06/1996;VIIA3;1016.98
01/06/1996;VULC3;10.53
01/06/1996;WEGE3;322.16
01/06/1996;PORT3;0,00
01/06/1996;YDUQ3;0,00
01/06/1997;AESB3;0
01/06/1997;AALR3;0
01/06/1997;ALPA4;80.69
01/06/1997;ALUP11;0
01/06/1997;ABEV3;5119.66
01/06/1997;AMER3;0
01/06/1997;ANIM3;0
01/06/1997;ARZZ3;0
01/06/1997;AZEV4;2.7
01/06/1997;BLUT4;1.76
01/06/1997;BRAP3;0
01/06/1997;BRAP4;0
01/06/1997;AGRO3;0
01/06/1997;BRKM5;541.41
01/06/1997;BRFS3;401.72
01/06/1997;CCRO3;0
01/06/1997;CLSC4;920.12
01/06/1997;CMIG4;5903.16
01/06/1997;CESP6;5646.26
01/06/1997;COCE5;572.91
01/06/1997;COGN3;0
01/06/1997;CGAS5;868.67
01/06/1997;CSMG3;0
01/06/1997;CPLE6;3761.21
01/06/1997;CSAN3;0
01/06/1997;CPFE3;0
01/06/1997;CRPG5;37.93
01/06/1997;CARD3;0
01/06/1997;CVCB3;0
01/06/1997;CYRE3;172.29
01/06/1997;DASA3;0
01/06/1997;DXCO3;0
01/06/1997;DEXP3;0
01/06/1997;PNVL3;80.08
01/06/1997;DIRR3;0
01/06/1997;ECOR3;0
01/06/1997;ELET3;29958.88
01/06/1997;EMBR3;1551.51
01/06/1997;ENAT3;0
01/06/1997;ENBR3;0
01/06/1997;ENGI3;0
01/06/1997;ENEV3;0
01/06/1997;EGIE3;0
01/06/1997;EQTL3;0
01/06/1997;ETER3;215.29
01/06/1997;EUCA4;123.3
01/06/1997;EVEN3;0
01/06/1997;EZTC3;0
01/06/1997;FHER3;0
01/06/1997;FESA4;16.56
01/06/1997;FLRY3;0
01/06/1997;FRAS3;50.22
01/06/1997;GFSA3;0
01/06/1997;GGBR4;828.02
01/06/1997;GOAU4;323.77
01/06/1997;GRND3;0
01/06/1997;NTCO3;0
01/06/1997;GUAR3;0
01/06/1997;HBOR3;0
01/06/1997;HYPE3;0
01/06/1997;PARD3;0
01/06/1997;MEAL3;0
01/06/1997;ROMI3;77.19
01/06/1997;MYPK3;94.51
01/06/1997;RANI3;15
01/06/1997;JBSS3;0
01/06/1997;JHSF3;0
01/06/1997;KEPL3;0
01/06/1997;KLBN11;414.66
01/06/1997;LIGT3;4796.54
01/06/1997;RENT3;0
01/06/1997;LCAM3;0
01/06/1997;LOGN3;0
01/06/1997;AMAR3;0
01/06/1997;LREN3;122.59
01/06/1997;LUPA3;0
01/06/1997;MDIA3;0
01/06/1997;MGLU3;0
01/06/1997;POMO4;107.31
01/06/1997;MRFG3;0
01/06/1997;LEVE3;29.4
01/06/1997;MILS3;0
01/06/1997;BEEF3;0
01/06/1997;MOVI3;0
01/06/1997;MRVE3;0
01/06/1997;ODPV3;0
01/06/1997;OIBR3;1805.64
01/06/1997;OFSA3;0
01/06/1997;PCAR3;1593.57
01/06/1997;PETR4;23527.64
01/06/1997;PRIO3;0
01/06/1997;PTBL3;70.45
01/06/1997;POSI3;0
01/06/1997;PFRM3;0
01/06/1997;QUAL3;0
01/06/1997;RADL3;0
01/06/1997;RAPT4;54.02
01/06/1997;RAIL3;0
01/06/1997;SBSP3;7350.06
01/06/1997;SAPR4;0
01/06/1997;STBP3;0
01/06/1997;SMTO3;0
01/06/1997;SHUL4;10.14
01/06/1997;SEER3;0
01/06/1997;CSNA3;2246.11
01/06/1997;SQIA3;0
01/06/1997;SLCE3;0
01/06/1997;SGPS3;0
01/06/1997;TAEE11;0
01/06/1997;TASA4;20.78
01/06/1997;TECN3;0
01/06/1997;TCSA3;0
01/06/1997;TGMA3;0
01/06/1997;TELB4;0
01/06/1997;VIVT3;15748.49
01/06/1997;LAND3;0
01/06/1997;TIMS3;0
01/06/1997;SHOW3;0
01/06/1997;TOTS3;0
01/06/1997;TRPL4;0
01/06/1997;TRIS3;0
01/06/1997;TPIS3;0
01/06/1997;TUPY3;0
01/06/1997;UGPA3;0
01/06/1997;UCAS3;0
01/06/1997;UNIP6;52.62
01/06/1997;USIM5;1670.51
01/06/1997;VALE3;8125.01
01/06/1997;VLID3;0
01/06/1997;VIIA3;0
01/06/1997;VULC3;0
01/06/1997;WEGE3;431.68
01/06/1997;PORT3;0
01/06/1997;YDUQ3;0
01/06/1998;AESB3;0,00
01/06/1998;AALR3;0,00
01/06/1998;ALPA4;104.62
01/06/1998;ALUP11;0,00
01/06/1998;ABEV3;3636.73
01/06/1998;AMER3;0,00
01/06/1998;ANIM3;0,00
01/06/1998;ARZZ3;0,00
01/06/1998;AZEV4;2.7
01/06/1998;BLUT4;0.35
01/06/1998;BRAP3;0,00
01/06/1998;BRAP4;0,00
01/06/1998;AGRO3;0,00
01/06/1998;BRKM5;218.35
01/06/1998;BRFS3;338.64
01/06/1998;CCRO3;0,00
01/06/1998;CLSC4;388.62
01/06/1998;CMIG4;3238.74
01/06/1998;CESP6;2091.51
01/06/1998;COCE5;563.27
01/06/1998;COGN3;0,00
01/06/1998;CGAS5;647.04
01/06/1998;CSMG3;0,00
01/06/1998;CPLE6;2121,00
01/06/1998;CSAN3;0,00
01/06/1998;CPFE3;0,00
01/06/1998;CRPG5;0,00
01/06/1998;CARD3;0,00
01/06/1998;CVCB3;0,00
01/06/1998;CYRE3;110.24
01/06/1998;DASA3;0,00
01/06/1998;DXCO3;0,00
01/06/1998;DEXP3;0,00
01/06/1998;PNVL3;29.91
01/06/1998;DIRR3;0,00
01/06/1998;ECOR3;0,00
01/06/1998;ELET3;11384.03
01/06/1998;EMBR3;615.17
01/06/1998;ENAT3;0,00
01/06/1998;ENBR3;0,00
01/06/1998;ENGI3;0,00
01/06/1998;ENEV3;0,00
01/06/1998;EGIE3;844.97
01/06/1998;EQTL3;0,00
01/06/1998;ETER3;156.81
01/06/1998;EUCA4;288.68
01/06/1998;EVEN3;0,00
01/06/1998;EZTC3;0,00
01/06/1998;FHER3;0,00
01/06/1998;FESA4;15.45
01/06/1998;FLRY3;0,00
01/06/1998;FRAS3;45.17
01/06/1998;GFSA3;0,00
01/06/1998;GGBR4;536.18
01/06/1998;GOAU4;201.13
01/06/1998;GRND3;0,00
01/06/1998;NTCO3;0,00
01/06/1998;GUAR3;146.72
01/06/1998;HBOR3;0,00
01/06/1998;HYPE3;0,00
01/06/1998;PARD3;0,00
01/06/1998;MEAL3;0,00
01/06/1998;ROMI3;38.53
01/06/1998;MYPK3;50.14
01/06/1998;RANI3;0,00
01/06/1998;JBSS3;0,00
01/06/1998;JHSF3;0,00
01/06/1998;KEPL3;0,00
01/06/1998;KLBN11;253.28
01/06/1998;LIGT3;1510.68
01/06/1998;RENT3;0,00
01/06/1998;LCAM3;0,00
01/06/1998;LOGN3;0,00
01/06/1998;AMAR3;0,00
01/06/1998;LREN3;94.99
01/06/1998;LUPA3;0,00
01/06/1998;MDIA3;0,00
01/06/1998;MGLU3;0,00
01/06/1998;POMO4;90.28
01/06/1998;MRFG3;0,00
01/06/1998;LEVE3;53.6
01/06/1998;MILS3;0,00
01/06/1998;BEEF3;0,00
01/06/1998;MOVI3;0,00
01/06/1998;MRVE3;0,00
01/06/1998;ODPV3;0,00
01/06/1998;OIBR3;571.02
01/06/1998;OFSA3;0,00
01/06/1998;PCAR3;1523.26
01/06/1998;PETR4;10884.36
01/06/1998;PRIO3;0,00
01/06/1998;PTBL3;45.45
01/06/1998;POSI3;0,00
01/06/1998;PFRM3;0,00
01/06/1998;QUAL3;0,00
01/06/1998;RADL3;0,00
01/06/1998;RAPT4;24.91
01/06/1998;RAIL3;0,00
01/06/1998;SBSP3;2548.95
01/06/1998;SAPR4;0,00
01/06/1998;STBP3;0,00
01/06/1998;SMTO3;0,00
01/06/1998;SHUL4;0,00
01/06/1998;SEER3;0,00
01/06/1998;CSNA3;1936.74
01/06/1998;SQIA3;0,00
01/06/1998;SLCE3;0,00
01/06/1998;SGPS3;0,00
01/06/1998;TAEE11;0,00
01/06/1998;TASA4;20.78
01/06/1998;TECN3;0,00
01/06/1998;TCSA3;0,00
01/06/1998;TGMA3;0,00
01/06/1998;TELB4;41.84
01/06/1998;VIVT3;7380.32
01/06/1998;LAND3;0,00
01/06/1998;TIMS3;537.01
01/06/1998;SHOW3;0,00
01/06/1998;TOTS3;0,00
01/06/1998;TRPL4;0,00
01/06/1998;TRIS3;0,00
01/06/1998;TPIS3;0,00
01/06/1998;TUPY3;61.02
01/06/1998;UGPA3;0,00
01/06/1998;UCAS3;0,00
01/06/1998;UNIP6;54.06
01/06/1998;USIM5;718.01
01/06/1998;VALE3;4699.92
01/06/1998;VLID3;0,00
01/06/1998;VIIA3;0,00
01/06/1998;VULC3;0,00
01/06/1998;WEGE3;354.16
01/06/1998;PORT3;0,00
01/06/1998;YDUQ3;0,00
01/06/1999;AESB3;0,00
01/06/1999;AALR3;0,00
01/06/1999;ALPA4;210.01
01/06/1999;ALUP11;0,00
01/06/1999;ABEV3;7755.08
01/06/1999;AMER3;0,00
01/06/1999;ANIM3;0,00
01/06/1999;ARZZ3;0,00
01/06/1999;AZEV4;0,00
01/06/1999;BLUT4;0.71
01/06/1999;BRAP3;0,00
01/06/1999;BRAP4;0,00
01/06/1999;AGRO3;0,00
01/06/1999;BRKM5;953.27
01/06/1999;BRFS3;779.34
01/06/1999;CCRO3;0,00
01/06/1999;CLSC4;604.96
01/06/1999;CMIG4;5325.5
01/06/1999;CESP6;917.68
01/06/1999;COCE5;691.35
01/06/1999;COGN3;0,00
01/06/1999;CGAS5;587.13
01/06/1999;CSMG3;0,00
01/06/1999;CPLE6;3990.19
01/06/1999;CSAN3;0,00
01/06/1999;CPFE3;0,00
01/06/1999;CRPG5;83.95
01/06/1999;CARD3;0,00
01/06/1999;CVCB3;0,00
01/06/1999;CYRE3;174.07
01/06/1999;DASA3;0,00
01/06/1999;DXCO3;0,00
01/06/1999;DEXP3;0,00
01/06/1999;PNVL3;55.02
01/06/1999;DIRR3;0,00
01/06/1999;ECOR3;0,00
01/06/1999;ELET3;20943.48
01/06/1999;EMBR3;4128.09
01/06/1999;ENAT3;0,00
01/06/1999;ENBR3;0,00
01/06/1999;ENGI3;0,00
01/06/1999;ENEV3;0,00
01/06/1999;EGIE3;998.47
01/06/1999;EQTL3;0,00
01/06/1999;ETER3;248.11
01/06/1999;EUCA4;260.02
01/06/1999;EVEN3;0,00
01/06/1999;EZTC3;0,00
01/06/1999;FHER3;0,00
01/06/1999;FESA4;66.76
01/06/1999;FLRY3;0,00
01/06/1999;FRAS3;75.08
01/06/1999;GFSA3;0,00
01/06/1999;GGBR4;2428.44
01/06/1999;GOAU4;817.83
01/06/1999;GRND3;0,00
01/06/1999;NTCO3;0,00
01/06/1999;GUAR3;352.76
01/06/1999;HBOR3;0,00
01/06/1999;HYPE3;0,00
01/06/1999;PARD3;0,00
01/06/1999;MEAL3;0,00
01/06/1999;ROMI3;39.15
01/06/1999;MYPK3;169.43
01/06/1999;RANI3;18.25
01/06/1999;JBSS3;0,00
01/06/1999;JHSF3;0,00
01/06/1999;KEPL3;0,00
01/06/1999;KLBN11;1121.03
01/06/1999;LIGT3;2768.71
01/06/1999;RENT3;0,00
01/06/1999;LCAM3;0,00
01/06/1999;LOGN3;0,00
01/06/1999;AMAR3;0,00
01/06/1999;LREN3;86.18
01/06/1999;LUPA3;0,00
01/06/1999;MDIA3;0,00
01/06/1999;MGLU3;0,00
01/06/1999;POMO4;162.12
01/06/1999;MRFG3;0,00
01/06/1999;LEVE3;280.96
01/06/1999;MILS3;0,00
01/06/1999;BEEF3;0,00
01/06/1999;MOVI3;0,00
01/06/1999;MRVE3;0,00
01/06/1999;ODPV3;0,00
01/06/1999;OIBR3;1853.17
01/06/1999;OFSA3;0,00
01/06/1999;PCAR3;5835.68
01/06/1999;PETR4;46153.88
01/06/1999;PRIO3;0,00
01/06/1999;PTBL3;24.92
01/06/1999;POSI3;0,00
01/06/1999;PFRM3;0,00
01/06/1999;QUAL3;0,00
01/06/1999;RADL3;16.23
01/06/1999;RAPT4;64.53
01/06/1999;RAIL3;0,00
01/06/1999;SBSP3;6031.52
01/06/1999;SAPR4;0,00
01/06/1999;STBP3;0,00
01/06/1999;SMTO3;0,00
01/06/1999;SHUL4;13.13
01/06/1999;SEER3;0,00
01/06/1999;CSNA3;5021.05
01/06/1999;SQIA3;0,00
01/06/1999;SLCE3;0,00
01/06/1999;SGPS3;0,00
01/06/1999;TAEE11;0,00
01/06/1999;TASA4;48.48
01/06/1999;TECN3;0,00
01/06/1999;TCSA3;0,00
01/06/1999;TGMA3;0,00
01/06/1999;TELB4;13.38
01/06/1999;VIVT3;17245.7
01/06/1999;LAND3;0,00
01/06/1999;TIMS3;1734.72
01/06/1999;SHOW3;0,00
01/06/1999;TOTS3;0,00
01/06/1999;TRPL4;470.64
01/06/1999;TRIS3;0,00
01/06/1999;TPIS3;0,00
01/06/1999;TUPY3;170.87
01/06/1999;UGPA3;1107.7
01/06/1999;UCAS3;0,00
01/06/1999;UNIP6;263.22
01/06/1999;USIM5;1703.78
01/06/1999;VALE3;17428.09
01/06/1999;VLID3;0,00
01/06/1999;VIIA3;535.32
01/06/1999;VULC3;0.3
01/06/1999;WEGE3;704.79
01/06/1999;PORT3;0,00
01/06/1999;YDUQ3;0,00
01/06/2000;AESB3;0,00
01/06/2000;AALR3;0,00
01/06/2000;ALPA4;260.69
01/06/2000;ALUP11;0,00
01/06/2000;ABEV3;18163.66
01/06/2000;AMER3;0,00
01/06/2000;ANIM3;0,00
01/06/2000;ARZZ3;0,00
01/06/2000;AZEV4;0,00
01/06/2000;BLUT4;0.84
01/06/2000;BRAP3;1220.36
01/06/2000;BRAP4;1220.36
01/06/2000;AGRO3;0,00
01/06/2000;BRKM5;1041.65
01/06/2000;BRFS3;664.44
01/06/2000;CCRO3;0,00
01/06/2000;CLSC4;500.22
01/06/2000;CMIG4;4153.86
01/06/2000;CESP6;1552.93
01/06/2000;COCE5;942.82
01/06/2000;COGN3;0,00
01/06/2000;CGAS5;1372.09
01/06/2000;CSMG3;0,00
01/06/2000;CPLE6;3915.92
01/06/2000;CSAN3;0,00
01/06/2000;CPFE3;0,00
01/06/2000;CRPG5;92.85
01/06/2000;CARD3;0,00
01/06/2000;CVCB3;0,00
01/06/2000;CYRE3;226.58
01/06/2000;DASA3;0,00
01/06/2000;DXCO3;0,00
01/06/2000;DEXP3;0,00
01/06/2000;PNVL3;39.73
01/06/2000;DIRR3;0,00
01/06/2000;ECOR3;0,00
01/06/2000;ELET3;18585.63
01/06/2000;EMBR3;8471.18
01/06/2000;ENAT3;0,00
01/06/2000;ENBR3;0,00
01/06/2000;ENGI3;0,00
01/06/2000;ENEV3;0,00
01/06/2000;EGIE3;1762.73
01/06/2000;EQTL3;0,00
01/06/2000;ETER3;225.39
01/06/2000;EUCA4;230.94
01/06/2000;EVEN3;0,00
01/06/2000;EZTC3;0,00
01/06/2000;FHER3;0,00
01/06/2000;FESA4;66.2
01/06/2000;FLRY3;0,00
01/06/2000;FRAS3;80.54
01/06/2000;GFSA3;0,00
01/06/2000;GGBR4;1752.56
01/06/2000;GOAU4;621.83
01/06/2000;GRND3;0,00
01/06/2000;NTCO3;0,00
01/06/2000;GUAR3;284.08
01/06/2000;HBOR3;0,00
01/06/2000;HYPE3;0,00
01/06/2000;PARD3;0,00
01/06/2000;MEAL3;0,00
01/06/2000;ROMI3;51.15
01/06/2000;MYPK3;90.38
01/06/2000;RANI3;16.36
01/06/2000;JBSS3;0,00
01/06/2000;JHSF3;0,00
01/06/2000;KEPL3;0,00
01/06/2000;KLBN11;1190.29
01/06/2000;LIGT3;3116.54
01/06/2000;RENT3;0,00
01/06/2000;LCAM3;0,00
01/06/2000;LOGN3;0,00
01/06/2000;AMAR3;0,00
01/06/2000;LREN3;0,00
01/06/2000;LUPA3;0,00
01/06/2000;MDIA3;0,00
01/06/2000;MGLU3;0,00
01/06/2000;POMO4;206.09
01/06/2000;MRFG3;0,00
01/06/2000;LEVE3;276.64
01/06/2000;MILS3;0,00
01/06/2000;BEEF3;0,00
01/06/2000;MOVI3;0,00
01/06/2000;MRVE3;0,00
01/06/2000;ODPV3;0,00
01/06/2000;OIBR3;8179.19
01/06/2000;OFSA3;0,00
01/06/2000;PCAR3;7595.63
01/06/2000;PETR4;51446.78
01/06/2000;PRIO3;0,00
01/06/2000;PTBL3;24.38
01/06/2000;POSI3;0,00
01/06/2000;PFRM3;0,00
01/06/2000;QUAL3;0,00
01/06/2000;RADL3;0,00
01/06/2000;RAPT4;72.03
01/06/2000;RAIL3;0,00
01/06/2000;SBSP3;4955.45
01/06/2000;SAPR4;689.03
01/06/2000;STBP3;0,00
01/06/2000;SMTO3;0,00
01/06/2000;SHUL4;14.35
01/06/2000;SEER3;0,00
01/06/2000;CSNA3;4124.39
01/06/2000;SQIA3;0,00
01/06/2000;SLCE3;0,00
01/06/2000;SGPS3;0,00
01/06/2000;TAEE11;0,00
01/06/2000;TASA4;34.63
01/06/2000;TECN3;0,00
01/06/2000;TCSA3;0,00
01/06/2000;TGMA3;0,00
01/06/2000;TELB4;7.93
01/06/2000;VIVT3;11338.4
01/06/2000;LAND3;0,00
01/06/2000;TIMS3;1575.37
01/06/2000;SHOW3;0,00
01/06/2000;TOTS3;0,00
01/06/2000;TRPL4;505.15
01/06/2000;TRIS3;0,00
01/06/2000;TPIS3;0,00
01/06/2000;TUPY3;255.03
01/06/2000;UGPA3;964.83
01/06/2000;UCAS3;0,00
01/06/2000;UNIP6;339.15
01/06/2000;USIM5;1544.58
01/06/2000;VALE3;16748.05
01/06/2000;VLID3;0,00
01/06/2000;VIIA3;0,00
01/06/2000;VULC3;0,00
01/06/2000;WEGE3;803.34
01/06/2000;PORT3;0,00
01/06/2000;YDUQ3;0,00
01/06/2001;AESB3;0,00
01/06/2001;AALR3;0,00
01/06/2001;ALPA4;226.13
01/06/2001;ALUP11;0,00
01/06/2001;ABEV3;17424.97
01/06/2001;AMER3;0,00
01/06/2001;ANIM3;0,00
01/06/2001;ARZZ3;0,00
01/06/2001;AZEV4;0,00
01/06/2001;BLUT4;0.71
01/06/2001;BRAP3;1144.75
01/06/2001;BRAP4;1144.75
01/06/2001;AGRO3;0,00
01/06/2001;BRKM5;785.7
01/06/2001;BRFS3;667.63
01/06/2001;CCRO3;0,00
01/06/2001;CLSC4;413.86
01/06/2001;CMIG4;5140.5
01/06/2001;CESP6;1318.1
01/06/2001;COCE5;716.27
01/06/2001;COGN3;0,00
01/06/2001;CGAS5;1096.38
01/06/2001;CSMG3;0,00
01/06/2001;CPLE6;4452.34
01/06/2001;CSAN3;0,00
01/06/2001;CPFE3;0,00
01/06/2001;CRPG5;0,00
01/06/2001;CARD3;0,00
01/06/2001;CVCB3;0,00
01/06/2001;CYRE3;159.56
01/06/2001;DASA3;0,00
01/06/2001;DXCO3;0,00
01/06/2001;DEXP3;0,00
01/06/2001;PNVL3;41.61
01/06/2001;DIRR3;0,00
01/06/2001;ECOR3;0,00
01/06/2001;ELET3;16908.12
01/06/2001;EMBR3;8046.78
01/06/2001;ENAT3;0,00
01/06/2001;ENBR3;0,00
01/06/2001;ENGI3;0,00
01/06/2001;ENEV3;0,00
01/06/2001;EGIE3;2409.3
01/06/2001;EQTL3;0,00
01/06/2001;ETER3;146.01
01/06/2001;EUCA4;0,00
01/06/2001;EVEN3;0,00
01/06/2001;EZTC3;0,00
01/06/2001;FHER3;0,00
01/06/2001;FESA4;78.35
01/06/2001;FLRY3;0,00
01/06/2001;FRAS3;69.62
01/06/2001;GFSA3;0,00
01/06/2001;GGBR4;2198.45
01/06/2001;GOAU4;703,00
01/06/2001;GRND3;0,00
01/06/2001;NTCO3;0,00
01/06/2001;GUAR3;273.2
01/06/2001;HBOR3;0,00
01/06/2001;HYPE3;0,00
01/06/2001;PARD3;0,00
01/06/2001;MEAL3;0,00
01/06/2001;ROMI3;65.19
01/06/2001;MYPK3;76.07
01/06/2001;RANI3;21.77
01/06/2001;JBSS3;0,00
01/06/2001;JHSF3;0,00
01/06/2001;KEPL3;96.23
01/06/2001;KLBN11;861.48
01/06/2001;LIGT3;1704.5
01/06/2001;RENT3;0,00
01/06/2001;LCAM3;0,00
01/06/2001;LOGN3;0,00
01/06/2001;AMAR3;0,00
01/06/2001;LREN3;0,00
01/06/2001;LUPA3;0,00
01/06/2001;MDIA3;0,00
01/06/2001;MGLU3;0,00
01/06/2001;POMO4;283.63
01/06/2001;MRFG3;0,00
01/06/2001;LEVE3;389.02
01/06/2001;MILS3;0,00
01/06/2001;BEEF3;0,00
01/06/2001;MOVI3;0,00
01/06/2001;MRVE3;0,00
01/06/2001;ODPV3;0,00
01/06/2001;OIBR3;6360.71
01/06/2001;OFSA3;0,00
01/06/2001;PCAR3;5595.4
01/06/2001;PETR4;56404.01
01/06/2001;PRIO3;0,00
01/06/2001;PTBL3;28.39
01/06/2001;POSI3;0,00
01/06/2001;PFRM3;0,00
01/06/2001;QUAL3;0,00
01/06/2001;RADL3;0,00
01/06/2001;RAPT4;90.34
01/06/2001;RAIL3;0,00
01/06/2001;SBSP3;3759.3
01/06/2001;SAPR4;795.04
01/06/2001;STBP3;0,00
01/06/2001;SMTO3;0,00
01/06/2001;SHUL4;14.36
01/06/2001;SEER3;0,00
01/06/2001;CSNA3;2618.12
01/06/2001;SQIA3;0,00
01/06/2001;SLCE3;0,00
01/06/2001;SGPS3;0,00
01/06/2001;TAEE11;0,00
01/06/2001;TASA4;66.09
01/06/2001;TECN3;0,00
01/06/2001;TCSA3;0,00
01/06/2001;TGMA3;0,00
01/06/2001;TELB4;14.59
01/06/2001;VIVT3;13480.2
01/06/2001;LAND3;0,00
01/06/2001;TIMS3;1122.81
01/06/2001;SHOW3;0,00
01/06/2001;TOTS3;0,00
01/06/2001;TRPL4;885.9
01/06/2001;TRIS3;0,00
01/06/2001;TPIS3;0,00
01/06/2001;TUPY3;391.95
01/06/2001;UGPA3;991.1
01/06/2001;UCAS3;0,00
01/06/2001;UNIP6;378.37
01/06/2001;USIM5;1253.52
01/06/2001;VALE3;20187.45
01/06/2001;VLID3;0,00
01/06/2001;VIIA3;0,00
01/06/2001;VULC3;0,00
01/06/2001;WEGE3;1182.81
01/06/2001;PORT3;0,00
01/06/2001;YDUQ3;0,00
01/06/2002;AESB3;0,00
01/06/2002;AALR3;0,00
01/06/2002;ALPA4;222.57
01/06/2002;ALUP11;0,00
01/06/2002;ABEV3;19685.62
01/06/2002;AMER3;0,00
01/06/2002;ANIM3;0,00
01/06/2002;ARZZ3;0,00
01/06/2002;AZEV4;0,00
01/06/2002;BLUT4;0.55
01/06/2002;BRAP3;835.89
01/06/2002;BRAP4;835.89
01/06/2002;AGRO3;0,00
01/06/2002;BRKM5;735.61
01/06/2002;BRFS3;543.01
01/06/2002;CCRO3;627.65
01/06/2002;CLSC4;416.57
01/06/2002;CMIG4;4078.06
01/06/2002;CESP6;635.51
01/06/2002;COCE5;468.09
01/06/2002;COGN3;0,00
01/06/2002;CGAS5;636.26
01/06/2002;CSMG3;0,00
01/06/2002;CPLE6;2446.08
01/06/2002;CSAN3;0,00
01/06/2002;CPFE3;0,00
01/06/2002;CRPG5;92.85
01/06/2002;CARD3;0,00
01/06/2002;CVCB3;0,00
01/06/2002;CYRE3;199.45
01/06/2002;DASA3;0,00
01/06/2002;DXCO3;0,00
01/06/2002;DEXP3;0,00
01/06/2002;PNVL3;46.09
01/06/2002;DIRR3;0,00
01/06/2002;ECOR3;0,00
01/06/2002;ELET3;12671.3
01/06/2002;EMBR3;9690.59
01/06/2002;ENAT3;0,00
01/06/2002;ENBR3;0,00
01/06/2002;ENGI3;0,00
01/06/2002;ENEV3;0,00
01/06/2002;EGIE3;2103.45
01/06/2002;EQTL3;0,00
01/06/2002;ETER3;180.59
01/06/2002;EUCA4;0,00
01/06/2002;EVEN3;0,00
01/06/2002;EZTC3;0,00
01/06/2002;FHER3;0,00
01/06/2002;FESA4;156.27
01/06/2002;FLRY3;0,00
01/06/2002;FRAS3;119.44
01/06/2002;GFSA3;0,00
01/06/2002;GGBR4;3438.31
01/06/2002;GOAU4;1093.12
01/06/2002;GRND3;0,00
01/06/2002;NTCO3;0,00
01/06/2002;GUAR3;430.25
01/06/2002;HBOR3;0,00
01/06/2002;HYPE3;0,00
01/06/2002;PARD3;0,00
01/06/2002;MEAL3;0,00
01/06/2002;ROMI3;95.42
01/06/2002;MYPK3;60.89
01/06/2002;RANI3;0,00
01/06/2002;JBSS3;0,00
01/06/2002;JHSF3;0,00
01/06/2002;KEPL3;108.01
01/06/2002;KLBN11;945.21
01/06/2002;LIGT3;1774.89
01/06/2002;RENT3;0,00
01/06/2002;LCAM3;0,00
01/06/2002;LOGN3;0,00
01/06/2002;AMAR3;0,00
01/06/2002;LREN3;0,00
01/06/2002;LUPA3;0,00
01/06/2002;MDIA3;0,00
01/06/2002;MGLU3;0,00
01/06/2002;POMO4;466.23
01/06/2002;MRFG3;0,00
01/06/2002;LEVE3;534.46
01/06/2002;MILS3;0,00
01/06/2002;BEEF3;0,00
01/06/2002;MOVI3;0,00
01/06/2002;MRVE3;0,00
01/06/2002;ODPV3;0,00
01/06/2002;OIBR3;6180.59
01/06/2002;OFSA3;0,00
01/06/2002;PCAR3;6168.64
01/06/2002;PETR4;54453.9
01/06/2002;PRIO3;0,00
01/06/2002;PTBL3;28.39
01/06/2002;POSI3;0,00
01/06/2002;PFRM3;0,00
01/06/2002;QUAL3;0,00
01/06/2002;RADL3;0,00
01/06/2002;RAPT4;184.95
01/06/2002;RAIL3;0,00
01/06/2002;SBSP3;2620.12
01/06/2002;SAPR4;633.03
01/06/2002;STBP3;0,00
01/06/2002;SMTO3;0,00
01/06/2002;SHUL4;11.8
01/06/2002;SEER3;0,00
01/06/2002;CSNA3;3668.95
01/06/2002;SQIA3;0,00
01/06/2002;SLCE3;0,00
01/06/2002;SGPS3;0,00
01/06/2002;TAEE11;0,00
01/06/2002;TASA4;168.25
01/06/2002;TECN3;0,00
01/06/2002;TCSA3;0,00
01/06/2002;TGMA3;0,00
01/06/2002;TELB4;7.66
01/06/2002;VIVT3;15012.5
01/06/2002;LAND3;0,00
01/06/2002;TIMS3;821.84
01/06/2002;SHOW3;0,00
01/06/2002;TOTS3;0,00
01/06/2002;TRPL4;827.48
01/06/2002;TRIS3;0,00
01/06/2002;TPIS3;0,00
01/06/2002;TUPY3;227.52
01/06/2002;UGPA3;1483.61
01/06/2002;UCAS3;0,00
01/06/2002;UNIP6;440.16
01/06/2002;USIM5;1387.05
01/06/2002;VALE3;38788.91
01/06/2002;VLID3;0,00
01/06/2002;VIIA3;0,00
01/06/2002;VULC3;0,00
01/06/2002;WEGE3;1911.51
01/06/2002;PORT3;0,00
01/06/2002;YDUQ3;0,00
01/06/2003;AESB3;0,00
01/06/2003;AALR3;0,00
01/06/2003;ALPA4;371.8
01/06/2003;ALUP11;0,00
01/06/2003;ABEV3;26391.78
01/06/2003;AMER3;0,00
01/06/2003;ANIM3;0,00
01/06/2003;ARZZ3;0,00
01/06/2003;AZEV4;0.97
01/06/2003;BLUT4;1.5
01/06/2003;BRAP3;1707.51
01/06/2003;BRAP4;1707.51
01/06/2003;AGRO3;0,00
01/06/2003;BRKM5;4059.84
01/06/2003;BRFS3;1029.64
01/06/2003;CCRO3;2188.3
01/06/2003;CLSC4;621.75
01/06/2003;CMIG4;7440.79
01/06/2003;CESP6;1186.36
01/06/2003;COCE5;617.91
01/06/2003;COGN3;0,00
01/06/2003;CGAS5;1891.36
01/06/2003;CSMG3;0,00
01/06/2003;CPLE6;3010.74
01/06/2003;CSAN3;0,00
01/06/2003;CPFE3;0,00
01/06/2003;CRPG5;201.95
01/06/2003;CARD3;0,00
01/06/2003;CVCB3;0,00
01/06/2003;CYRE3;239.33
01/06/2003;DASA3;0,00
01/06/2003;DXCO3;0,00
01/06/2003;DEXP3;104.43
01/06/2003;PNVL3;88.81
01/06/2003;DIRR3;0,00
01/06/2003;ECOR3;0,00
01/06/2003;ELET3;25788.4
01/06/2003;EMBR3;16850.09
01/06/2003;ENAT3;0,00
01/06/2003;ENBR3;0,00
01/06/2003;ENGI3;0,00
01/06/2003;ENEV3;0,00
01/06/2003;EGIE3;4481.55
01/06/2003;EQTL3;0,00
01/06/2003;ETER3;185.9
01/06/2003;EUCA4;44.9
01/06/2003;EVEN3;0,00
01/06/2003;EZTC3;0,00
01/06/2003;FHER3;0,00
01/06/2003;FESA4;334.36
01/06/2003;FLRY3;0,00
01/06/2003;FRAS3;182.24
01/06/2003;GFSA3;0,00
01/06/2003;GGBR4;8393.78
01/06/2003;GOAU4;2591.17
01/06/2003;GRND3;0,00
01/06/2003;NTCO3;0,00
01/06/2003;GUAR3;645.84
01/06/2003;HBOR3;0,00
01/06/2003;HYPE3;0,00
01/06/2003;PARD3;0,00
01/06/2003;MEAL3;0,00
01/06/2003;ROMI3;231.64
01/06/2003;MYPK3;200.64
01/06/2003;RANI3;42.06
01/06/2003;JBSS3;0,00
01/06/2003;JHSF3;0,00
01/06/2003;KEPL3;277.5
01/06/2003;KLBN11;3450.49
01/06/2003;LIGT3;3027.63
01/06/2003;RENT3;0,00
01/06/2003;LCAM3;0,00
01/06/2003;LOGN3;0,00
01/06/2003;AMAR3;0,00
01/06/2003;LREN3;0,00
01/06/2003;LUPA3;0,00
01/06/2003;MDIA3;0,00
01/06/2003;MGLU3;0,00
01/06/2003;POMO4;515.24
01/06/2003;MRFG3;0,00
01/06/2003;LEVE3;922.74
01/06/2003;MILS3;0,00
01/06/2003;BEEF3;0,00
01/06/2003;MOVI3;0,00
01/06/2003;MRVE3;0,00
01/06/2003;ODPV3;0,00
01/06/2003;OIBR3;8386.8
01/06/2003;OFSA3;0,00
01/06/2003;PCAR3;7986.33
01/06/2003;PETR4;88658.6
01/06/2003;PRIO3;0,00
01/06/2003;PTBL3;84.05
01/06/2003;POSI3;0,00
01/06/2003;PFRM3;0,00
01/06/2003;QUAL3;0,00
01/06/2003;RADL3;0,00
01/06/2003;RAPT4;418.78
01/06/2003;RAIL3;0,00
01/06/2003;SBSP3;4647.87
01/06/2003;SAPR4;798.19
01/06/2003;STBP3;0,00
01/06/2003;SMTO3;0,00
01/06/2003;SHUL4;22.57
01/06/2003;SEER3;0,00
01/06/2003;CSNA3;11239.98
01/06/2003;SQIA3;0,00
01/06/2003;SLCE3;0,00
01/06/2003;SGPS3;0,00
01/06/2003;TAEE11;0,00
01/06/2003;TASA4;120.35
01/06/2003;TECN3;0,00
01/06/2003;TCSA3;0,00
01/06/2003;TGMA3;0,00
01/06/2003;TELB4;22.26
01/06/2003;VIVT3;20904.91
01/06/2003;LAND3;0,00
01/06/2003;TIMS3;1312.36
01/06/2003;SHOW3;0,00
01/06/2003;TOTS3;0,00
01/06/2003;TRPL4;1914.33
01/06/2003;TRIS3;0,00
01/06/2003;TPIS3;0,00
01/06/2003;TUPY3;140.14
01/06/2003;UGPA3;2358.21
01/06/2003;UCAS3;0,00
01/06/2003;UNIP6;932.94
01/06/2003;USIM5;6390.4
01/06/2003;VALE3;61970.72
01/06/2003;VLID3;0,00
01/06/2003;VIIA3;0,00
01/06/2003;VULC3;0,00
01/06/2003;WEGE3;2974.06
01/06/2003;PORT3;0,00
01/06/2003;YDUQ3;0,00
01/06/2004;AESB3;0,00
01/06/2004;AALR3;0,00
01/06/2004;ALPA4;641.42
01/06/2004;ALUP11;0,00
01/06/2004;ABEV3;55180.72
01/06/2004;AMER3;0,00
01/06/2004;ANIM3;0,00
01/06/2004;ARZZ3;0,00
01/06/2004;AZEV4;1.35
01/06/2004;BLUT4;2.35
01/06/2004;BRAP3;3801.71
01/06/2004;BRAP4;3801.71
01/06/2004;AGRO3;0,00
01/06/2004;BRKM5;10736.35
01/06/2004;BRFS3;2550.36
01/06/2004;CCRO3;5855.05
01/06/2004;CLSC4;796.27
01/06/2004;CMIG4;9950.89
01/06/2004;CESP6;1079.9
01/06/2004;COCE5;581.92
01/06/2004;COGN3;0,00
01/06/2004;CGAS5;2459.08
01/06/2004;CSMG3;0,00
01/06/2004;CPLE6;2913.35
01/06/2004;CSAN3;0,00
01/06/2004;CPFE3;8111.26
01/06/2004;CRPG5;337.83
01/06/2004;CARD3;0,00
01/06/2004;CVCB3;0,00
01/06/2004;CYRE3;356.61
01/06/2004;DASA3;1281.23
01/06/2004;DXCO3;0,00
01/06/2004;DEXP3;125.31
01/06/2004;PNVL3;97.51
01/06/2004;DIRR3;0,00
01/06/2004;ECOR3;0,00
01/06/2004;ELET3;20753.91
01/06/2004;EMBR3;14394.91
01/06/2004;ENAT3;0,00
01/06/2004;ENBR3;0,00
01/06/2004;ENGI3;0,00
01/06/2004;ENEV3;0,00
01/06/2004;EGIE3;5783.64
01/06/2004;EQTL3;0,00
01/06/2004;ETER3;259.91
01/06/2004;EUCA4;0,00
01/06/2004;EVEN3;0,00
01/06/2004;EZTC3;0,00
01/06/2004;FHER3;0,00
01/06/2004;FESA4;427.83
01/06/2004;FLRY3;0,00
01/06/2004;FRAS3;546.03
01/06/2004;GFSA3;0,00
01/06/2004;GGBR4;13401.3
01/06/2004;GOAU4;5299.3
01/06/2004;GRND3;3150,00
01/06/2004;NTCO3;6570.92
01/06/2004;GUAR3;1316.64
01/06/2004;HBOR3;0,00
01/06/2004;HYPE3;0,00
01/06/2004;PARD3;0,00
01/06/2004;MEAL3;0,00
01/06/2004;ROMI3;390.16
01/06/2004;MYPK3;744.31
01/06/2004;RANI3;82.94
01/06/2004;JBSS3;0,00
01/06/2004;JHSF3;0,00
01/06/2004;KEPL3;1050.52
01/06/2004;KLBN11;4708.36
01/06/2004;LIGT3;2373.6
01/06/2004;RENT3;0,00
01/06/2004;LCAM3;0,00
01/06/2004;LOGN3;0,00
01/06/2004;AMAR3;0,00
01/06/2004;LREN3;151.99
01/06/2004;LUPA3;0,00
01/06/2004;MDIA3;0,00
01/06/2004;MGLU3;0,00
01/06/2004;POMO4;732.79
01/06/2004;MRFG3;0,00
01/06/2004;LEVE3;1548.56
01/06/2004;MILS3;0,00
01/06/2004;BEEF3;0,00
01/06/2004;MOVI3;0,00
01/06/2004;MRVE3;0,00
01/06/2004;ODPV3;0,00
01/06/2004;OIBR3;7587.27
01/06/2004;OFSA3;0,00
01/06/2004;PCAR3;7798.98
01/06/2004;PETR4;112458.14
01/06/2004;PRIO3;0,00
01/06/2004;PTBL3;266.9
01/06/2004;POSI3;0,00
01/06/2004;PFRM3;0,00
01/06/2004;QUAL3;0,00
01/06/2004;RADL3;45.34
01/06/2004;RAPT4;1094.43
01/06/2004;RAIL3;3238.26
01/06/2004;SBSP3;4484.11
01/06/2004;SAPR4;946.79
01/06/2004;STBP3;0,00
01/06/2004;SMTO3;0,00
01/06/2004;SHUL4;63.59
01/06/2004;SEER3;0,00
01/06/2004;CSNA3;14063.4
01/06/2004;SQIA3;0,00
01/06/2004;SLCE3;0,00
01/06/2004;SGPS3;0,00
01/06/2004;TAEE11;0,00
01/06/2004;TASA4;118.61
01/06/2004;TECN3;0,00
01/06/2004;TCSA3;0,00
01/06/2004;TGMA3;0,00
01/06/2004;TELB4;44.51
01/06/2004;VIVT3;24330.78
01/06/2004;LAND3;0,00
01/06/2004;TIMS3;2767.48
01/06/2004;SHOW3;0,00
01/06/2004;TOTS3;0,00
01/06/2004;TRPL4;2023.16
01/06/2004;TRIS3;0,00
01/06/2004;TPIS3;0,00
01/06/2004;TUPY3;236.65
01/06/2004;UGPA3;3544.6
01/06/2004;UCAS3;0,00
01/06/2004;UNIP6;2061.82
01/06/2004;USIM5;11387.36
01/06/2004;VALE3;82221.31
01/06/2004;VLID3;0,00
01/06/2004;VIIA3;0,00
01/06/2004;VULC3;59.5
01/06/2004;WEGE3;4409.86
01/06/2004;PORT3;0,00
01/06/2004;YDUQ3;0,00
01/06/2005;AESB3;0,00
01/06/2005;AALR3;0,00
01/06/2005;ALPA4;1306.27
01/06/2005;ALUP11;0,00
01/06/2005;ABEV3;53645.51
01/06/2005;AMER3;0,00
01/06/2005;ANIM3;0,00
01/06/2005;ARZZ3;0,00
01/06/2005;AZEV4;0,00
01/06/2005;BLUT4;5.23
01/06/2005;BRAP3;5174.92
01/06/2005;BRAP4;5174.92
01/06/2005;AGRO3;0,00
01/06/2005;BRKM5;6410.68
01/06/2005;BRFS3;3277.88
01/06/2005;CCRO3;7457.38
01/06/2005;CLSC4;1014.49
01/06/2005;CMIG4;14334.93
01/06/2005;CESP6;1239.02
01/06/2005;COCE5;1058.89
01/06/2005;COGN3;0,00
01/06/2005;CGAS5;3034.03
01/06/2005;CSMG3;0,00
01/06/2005;CPLE6;4481.77
01/06/2005;CSAN3;4263.88
01/06/2005;CPFE3;13433.17
01/06/2005;CRPG5;290.16
01/06/2005;CARD3;0,00
01/06/2005;CVCB3;0,00
01/06/2005;CYRE3;4758.69
01/06/2005;DASA3;2331.95
01/06/2005;DXCO3;0,00
01/06/2005;DEXP3;88.76
01/06/2005;PNVL3;93.6
01/06/2005;DIRR3;0,00
01/06/2005;ECOR3;0,00
01/06/2005;ELET3;21640.78
01/06/2005;EMBR3;15365.45
01/06/2005;ENAT3;0,00
01/06/2005;ENBR3;4423.75
01/06/2005;ENGI3;967.62
01/06/2005;ENEV3;0,00
01/06/2005;EGIE3;9823.77
01/06/2005;EQTL3;0,00
01/06/2005;ETER3;219.16
01/06/2005;EUCA4;87.35
01/06/2005;EVEN3;0,00
01/06/2005;EZTC3;0,00
01/06/2005;FHER3;0,00
01/06/2005;FESA4;313.39
01/06/2005;FLRY3;0,00
01/06/2005;FRAS3;423.17
01/06/2005;GFSA3;0,00
01/06/2005;GGBR4;15885.85
01/06/2005;GOAU4;5917.97
01/06/2005;GRND3;2246,00
01/06/2005;NTCO3;8753.92
01/06/2005;GUAR3;4082.21
01/06/2005;HBOR3;0,00
01/06/2005;HYPE3;0,00
01/06/2005;PARD3;0,00
01/06/2005;MEAL3;0,00
01/06/2005;ROMI3;482.07
01/06/2005;MYPK3;900.47
01/06/2005;RANI3;63.65
01/06/2005;JBSS3;0,00
01/06/2005;JHSF3;0,00
01/06/2005;KEPL3;941.51
01/06/2005;KLBN11;3729.18
01/06/2005;LIGT3;2050.63
01/06/2005;RENT3;1799.78
01/06/2005;LCAM3;0,00
01/06/2005;LOGN3;0,00
01/06/2005;AMAR3;0,00
01/06/2005;LREN3;1821.66
01/06/2005;LUPA3;0,00
01/06/2005;MDIA3;0,00
01/06/2005;MGLU3;0,00
01/06/2005;POMO4;619.49
01/06/2005;MRFG3;0,00
01/06/2005;LEVE3;1105.44
01/06/2005;MILS3;0,00
01/06/2005;BEEF3;0,00
01/06/2005;MOVI3;0,00
01/06/2005;MRVE3;0,00
01/06/2005;ODPV3;0,00
01/06/2005;OIBR3;7302.77
01/06/2005;OFSA3;0,00
01/06/2005;PCAR3;8741.06
01/06/2005;PETR4;171390.64
01/06/2005;PRIO3;0,00
01/06/2005;PTBL3;254.89
01/06/2005;POSI3;0,00
01/06/2005;PFRM3;0,00
01/06/2005;QUAL3;0,00
01/06/2005;RADL3;38.87
01/06/2005;RAPT4;1127.83
01/06/2005;RAIL3;4240.52
01/06/2005;SBSP3;4471.29
01/06/2005;SAPR4;836.73
01/06/2005;STBP3;0,00
01/06/2005;SMTO3;0,00
01/06/2005;SHUL4;0,00
01/06/2005;SEER3;0,00
01/06/2005;CSNA3;12986.55
01/06/2005;SQIA3;0,00
01/06/2005;SLCE3;0,00
01/06/2005;SGPS3;0,00
01/06/2005;TAEE11;0,00
01/06/2005;TASA4;140.84
01/06/2005;TECN3;0,00
01/06/2005;TCSA3;0,00
01/06/2005;TGMA3;0,00
01/06/2005;TELB4;35.49
01/06/2005;VIVT3;21496.75
01/06/2005;LAND3;0,00
01/06/2005;TIMS3;5255.42
01/06/2005;SHOW3;0,00
01/06/2005;TOTS3;0,00
01/06/2005;TRPL4;4278.94
01/06/2005;TRIS3;0,00
01/06/2005;TPIS3;0,00
01/06/2005;TUPY3;213.54
01/06/2005;UGPA3;2636.92
01/06/2005;UCAS3;0,00
01/06/2005;UNIP6;1281.66
01/06/2005;USIM5;11456.71
01/06/2005;VALE3;105085.49
01/06/2005;VLID3;0,00
01/06/2005;VIIA3;0,00
01/06/2005;VULC3;0,00
01/06/2005;WEGE3;4693.97
01/06/2005;PORT3;0,00
01/06/2005;YDUQ3;0,00
01/06/2006;AESB3;0,00
01/06/2006;AALR3;0,00
01/06/2006;ALPA4;2292.66
01/06/2006;ALUP11;0,00
01/06/2006;ABEV3;63334.18
01/06/2006;AMER3;0,00
01/06/2006;ANIM3;0,00
01/06/2006;ARZZ3;0,00
01/06/2006;AZEV4;0,00
01/06/2006;BLUT4;18.42
01/06/2006;BRAP3;8798.96
01/06/2006;BRAP4;8798.96
01/06/2006;AGRO3;584.22
01/06/2006;BRKM5;5088.93
01/06/2006;BRFS3;4930.99
01/06/2006;CCRO3;11629.49
01/06/2006;CLSC4;1334.89
01/06/2006;CMIG4;16039.92
01/06/2006;CESP6;7544.84
01/06/2006;COCE5;1970.35
01/06/2006;COGN3;0,00
01/06/2006;CGAS5;3781.56
01/06/2006;CSMG3;2875.61
01/06/2006;CPLE6;6332.8
01/06/2006;CSAN3;8443.24
01/06/2006;CPFE3;14392.71
01/06/2006;CRPG5;239.35
01/06/2006;CARD3;529.42
01/06/2006;CVCB3;0,00
01/06/2006;CYRE3;7227.42
01/06/2006;DASA3;2620.45
01/06/2006;DXCO3;0,00
01/06/2006;DEXP3;93.98
01/06/2006;PNVL3;150.8
01/06/2006;DIRR3;0,00
01/06/2006;ECOR3;0,00
01/06/2006;ELET3;28495.22
01/06/2006;EMBR3;16314.88
01/06/2006;ENAT3;0,00
01/06/2006;ENBR3;5275.65
01/06/2006;ENGI3;0,00
01/06/2006;ENEV3;0,00
01/06/2006;EGIE3;11749.36
01/06/2006;EQTL3;1235.77
01/06/2006;ETER3;466.16
01/06/2006;EUCA4;175.62
01/06/2006;EVEN3;0,00
01/06/2006;EZTC3;0,00
01/06/2006;FHER3;0,00
01/06/2006;FESA4;312.07
01/06/2006;FLRY3;0,00
01/06/2006;FRAS3;412.94
01/06/2006;GFSA3;3301.64
01/06/2006;GGBR4;22256.68
01/06/2006;GOAU4;7902.83
01/06/2006;GRND3;2295,00
01/06/2006;NTCO3;12889.55
01/06/2006;GUAR3;6177.6
01/06/2006;HBOR3;0,00
01/06/2006;HYPE3;0,00
01/06/2006;PARD3;0,00
01/06/2006;MEAL3;0,00
01/06/2006;ROMI3;998.54
01/06/2006;MYPK3;917.33
01/06/2006;RANI3;54.81
01/06/2006;JBSS3;0,00
01/06/2006;JHSF3;0,00
01/06/2006;KEPL3;648.15
01/06/2006;KLBN11;5718.4
01/06/2006;LIGT3;3081.2
01/06/2006;RENT3;4310.76
01/06/2006;LCAM3;0,00
01/06/2006;LOGN3;0,00
01/06/2006;AMAR3;0,00
01/06/2006;LREN3;3732.57
01/06/2006;LUPA3;1460,00
01/06/2006;MDIA3;2870,00
01/06/2006;MGLU3;0,00
01/06/2006;POMO4;1237.04
01/06/2006;MRFG3;0,00
01/06/2006;LEVE3;1140.5
01/06/2006;MILS3;0,00
01/06/2006;BEEF3;0,00
01/06/2006;MOVI3;0,00
01/06/2006;MRVE3;0,00
01/06/2006;ODPV3;872.1
01/06/2006;OIBR3;10210.82
01/06/2006;OFSA3;0,00
01/06/2006;PCAR3;8630.62
01/06/2006;PETR4;228397.33
01/06/2006;PRIO3;0,00
01/06/2006;PTBL3;324.2
01/06/2006;POSI3;2019.4
01/06/2006;PFRM3;1067.22
01/06/2006;QUAL3;0,00
01/06/2006;RADL3;233.96
01/06/2006;RAPT4;1463.28
01/06/2006;RAIL3;13743.49
01/06/2006;SBSP3;8344.52
01/06/2006;SAPR4;1156.42
01/06/2006;STBP3;0,00
01/06/2006;SMTO3;0,00
01/06/2006;SHUL4;148.73
01/06/2006;SEER3;0,00
01/06/2006;CSNA3;16603.14
01/06/2006;SQIA3;0,00
01/06/2006;SLCE3;0,00
01/06/2006;SGPS3;0,00
01/06/2006;TAEE11;2113.18
01/06/2006;TASA4;350.94
01/06/2006;TECN3;0,00
01/06/2006;TCSA3;0,00
01/06/2006;TGMA3;0,00
01/06/2006;TELB4;43.78
01/06/2006;VIVT3;26406.34
01/06/2006;LAND3;1490.47
01/06/2006;TIMS3;21403.96
01/06/2006;SHOW3;0,00
01/06/2006;TOTS3;1262.09
01/06/2006;TRPL4;4526.01
01/06/2006;TRIS3;0,00
01/06/2006;TPIS3;0,00
01/06/2006;TUPY3;467.1
01/06/2006;UGPA3;3975.88
01/06/2006;UCAS3;0,00
01/06/2006;UNIP6;1200.6
01/06/2006;USIM5;19089.76
01/06/2006;VALE3;144843.53
01/06/2006;VLID3;850,00
01/06/2006;VIIA3;1615.64
01/06/2006;VULC3;0,00
01/06/2006;WEGE3;8764.12
01/06/2006;PORT3;0,00
01/06/2006;YDUQ3;0,00
01/06/2007;AESB3;0,00
01/06/2007;AALR3;0,00
01/06/2007;ALPA4;2611.11
01/06/2007;ALUP11;0,00
01/06/2007;ABEV3;77936.43
01/06/2007;AMER3;7949.94
01/06/2007;ANIM3;0,00
01/06/2007;ARZZ3;0,00
01/06/2007;AZEV4;0,00
01/06/2007;BLUT4;38.03
01/06/2007;BRAP3;17123.59
01/06/2007;BRAP4;17123.59
01/06/2007;AGRO3;584.22
01/06/2007;BRKM5;6351.27
01/06/2007;BRFS3;8148.71
01/06/2007;CCRO3;11085.3
01/06/2007;CLSC4;1639.27
01/06/2007;CMIG4;16077.54
01/06/2007;CESP6;13251.31
01/06/2007;COCE5;1673.88
01/06/2007;COGN3;880.61
01/06/2007;CGAS5;4679.58
01/06/2007;CSMG3;3558.65
01/06/2007;CPLE6;7727.22
01/06/2007;CSAN3;5668.99
01/06/2007;CPFE3;16158.6
01/06/2007;CRPG5;280.94
01/06/2007;CARD3;279.28
01/06/2007;CVCB3;0,00
01/06/2007;CYRE3;8606.51
01/06/2007;DASA3;2118.17
01/06/2007;DXCO3;1314.92
01/06/2007;DEXP3;224.51
01/06/2007;PNVL3;298.2
01/06/2007;DIRR3;0,00
01/06/2007;ECOR3;0,00
01/06/2007;ELET3;26809.96
01/06/2007;EMBR3;14918.96
01/06/2007;ENAT3;0,00
01/06/2007;ENBR3;4624.81
01/06/2007;ENGI3;2054.24
01/06/2007;ENEV3;6907.68
01/06/2007;EGIE3;13903.41
01/06/2007;EQTL3;1238.81
01/06/2007;ETER3;511.63
01/06/2007;EUCA4;830.97
01/06/2007;EVEN3;2375.68
01/06/2007;EZTC3;1321.19
01/06/2007;FHER3;954.32
01/06/2007;FESA4;542.71
01/06/2007;FLRY3;0,00
01/06/2007;FRAS3;470.95
01/06/2007;GFSA3;4296.51
01/06/2007;GGBR4;32239.04
01/06/2007;GOAU4;12926.84
01/06/2007;GRND3;2152,00
01/06/2007;NTCO3;7289.06
01/06/2007;GUAR3;3850.08
01/06/2007;HBOR3;603.81
01/06/2007;HYPE3;0,00
01/06/2007;PARD3;0,00
01/06/2007;MEAL3;0,00
01/06/2007;ROMI3;1743.2
01/06/2007;MYPK3;2094.07
01/06/2007;RANI3;379.77
01/06/2007;JBSS3;6464.4
01/06/2007;JHSF3;2412.86
01/06/2007;KEPL3;436.84
01/06/2007;KLBN11;9575.39
01/06/2007;LIGT3;5829.21
01/06/2007;RENT3;3810.26
01/06/2007;LCAM3;0,00
01/06/2007;LOGN3;1264.7
01/06/2007;AMAR3;1448.35
01/06/2007;LREN3;4376.95
01/06/2007;LUPA3;2846.22
01/06/2007;MDIA3;2831.5
01/06/2007;MGLU3;0,00
01/06/2007;POMO4;1585.31
01/06/2007;MRFG3;3110.22
01/06/2007;LEVE3;989.76
01/06/2007;MILS3;0,00
01/06/2007;BEEF3;824.25
01/06/2007;MOVI3;0,00
01/06/2007;MRVE3;5145.62
01/06/2007;ODPV3;1122,00
01/06/2007;OIBR3;13195.04
01/06/2007;OFSA3;0,00
01/06/2007;PCAR3;7774.35
01/06/2007;PETR4;429922.95
01/06/2007;PRIO3;0,00
01/06/2007;PTBL3;459.09
01/06/2007;POSI3;3805.64
01/06/2007;PFRM3;1302.05
01/06/2007;QUAL3;0,00
01/06/2007;RADL3;900.69
01/06/2007;RAPT4;2673.79
01/06/2007;RAIL3;14589.88
01/06/2007;SBSP3;9370.89
01/06/2007;SAPR4;1138.7
01/06/2007;STBP3;3475.61
01/06/2007;SMTO3;2282.6
01/06/2007;SHUL4;393.99
01/06/2007;SEER3;0,00
01/06/2007;CSNA3;40422.82
01/06/2007;SQIA3;0,00
01/06/2007;SLCE3;1476.75
01/06/2007;SGPS3;1903.11
01/06/2007;TAEE11;2719.72
01/06/2007;TASA4;1041.85
01/06/2007;TECN3;0,00
01/06/2007;TCSA3;1641.96
01/06/2007;TGMA3;1542.38
01/06/2007;TELB4;452.81
01/06/2007;VIVT3;22872.21
01/06/2007;LAND3;870.28
01/06/2007;TIMS3;16034.88
01/06/2007;SHOW3;0,00
01/06/2007;TOTS3;1574.62
01/06/2007;TRPL4;5568.38
01/06/2007;TRIS3;853.12
01/06/2007;TPIS3;943.26
01/06/2007;TUPY3;908.68
01/06/2007;UGPA3;5086.49
01/06/2007;UCAS3;0,00
01/06/2007;UNIP6;1676.47
01/06/2007;USIM5;27074.65
01/06/2007;VALE3;270437.77
01/06/2007;VLID3;800,00
01/06/2007;VIIA3;3860.58
01/06/2007;VULC3;1249.5
01/06/2007;WEGE3;15564.19
01/06/2007;PORT3;0,00
01/06/2007;YDUQ3;1194.49
01/06/2008;AESB3;0,00
01/06/2008;AALR3;0,00
01/06/2008;ALPA4;737.23
01/06/2008;ALUP11;0,00
01/06/2008;ABEV3;56506.64
01/06/2008;AMER3;2623,00
01/06/2008;ANIM3;0,00
01/06/2008;ARZZ3;0,00
01/06/2008;AZEV4;0,00
01/06/2008;BLUT4;9.51
01/06/2008;BRAP3;6621.18
01/06/2008;BRAP4;6621.18
01/06/2008;AGRO3;402.53
01/06/2008;BRKM5;2820.66
01/06/2008;BRFS3;6142.13
01/06/2008;CCRO3;9525.3
01/06/2008;CLSC4;1549.53
01/06/2008;CMIG4;14303.02
01/06/2008;CESP6;4458.34
01/06/2008;COCE5;1573.49
01/06/2008;COGN3;379.78
01/06/2008;CGAS5;3861.12
01/06/2008;CSMG3;2159.31
01/06/2008;CPLE6;6277.67
01/06/2008;CSAN3;3677.78
01/06/2008;CPFE3;14469.32
01/06/2008;CRPG5;110.86
01/06/2008;CARD3;111.72
01/06/2008;CVCB3;0,00
01/06/2008;CYRE3;3272.66
01/06/2008;DASA3;1290.42
01/06/2008;DXCO3;409.18
01/06/2008;DEXP3;99.2
01/06/2008;PNVL3;139.5
01/06/2008;DIRR3;0,00
01/06/2008;ECOR3;0,00
01/06/2008;ELET3;28927.98
01/06/2008;EMBR3;6375.49
01/06/2008;ENAT3;0,00
01/06/2008;ENBR3;3129.3
01/06/2008;ENGI3;1327.07
01/06/2008;ENEV3;956.34
01/06/2008;EGIE3;12108.37
01/06/2008;EQTL3;1058.49
01/06/2008;ETER3;365.72
01/06/2008;EUCA4;268.06
01/06/2008;EVEN3;517.65
01/06/2008;EZTC3;338.21
01/06/2008;FHER3;172.56
01/06/2008;FESA4;596.78
01/06/2008;FLRY3;0,00
01/06/2008;FRAS3;156.26
01/06/2008;GFSA3;1363.31
01/06/2008;GGBR4;19901.73
01/06/2008;GOAU4;7890.85
01/06/2008;GRND3;1270,00
01/06/2008;NTCO3;8147.93
01/06/2008;GUAR3;1045.2
01/06/2008;HBOR3;145.69
01/06/2008;HYPE3;2645.37
01/06/2008;PARD3;0,00
01/06/2008;MEAL3;0,00
01/06/2008;ROMI3;579.66
01/06/2008;MYPK3;415.03
01/06/2008;RANI3;208.27
01/06/2008;JBSS3;6920.99
01/06/2008;JHSF3;703.43
01/06/2008;KEPL3;195.18
01/06/2008;KLBN11;3520.17
01/06/2008;LIGT3;4457.99
01/06/2008;RENT3;1402.12
01/06/2008;LCAM3;0,00
01/06/2008;LOGN3;432.37
01/06/2008;AMAR3;590.41
01/06/2008;LREN3;1905.41
01/06/2008;LUPA3;1113.87
01/06/2008;MDIA3;2247.11
01/06/2008;MGLU3;0,00
01/06/2008;POMO4;690.18
01/06/2008;MRFG3;2004.36
01/06/2008;LEVE3;502.49
01/06/2008;MILS3;0,00
01/06/2008;BEEF3;138.42
01/06/2008;MOVI3;0,00
01/06/2008;MRVE3;1330.63
01/06/2008;ODPV3;578.8
01/06/2008;OIBR3;17916.02
01/06/2008;OFSA3;0,00
01/06/2008;PCAR3;7292.72
01/06/2008;PETR4;223990.96
01/06/2008;PRIO3;0,00
01/06/2008;PTBL3;163.78
01/06/2008;POSI3;593.23
01/06/2008;PFRM3;189.8
01/06/2008;QUAL3;0,00
01/06/2008;RADL3;590.6
01/06/2008;RAPT4;978.95
01/06/2008;RAIL3;6702.78
01/06/2008;SBSP3;6324.73
01/06/2008;SAPR4;627.88
01/06/2008;STBP3;839.39
01/06/2008;SMTO3;1033.88
01/06/2008;SHUL4;216.84
01/06/2008;SEER3;0,00
01/06/2008;CSNA3;22001.43
01/06/2008;SQIA3;0,00
01/06/2008;SLCE3;1367.97
01/06/2008;SGPS3;535.8
01/06/2008;TAEE11;1931.15
01/06/2008;TASA4;363.07
01/06/2008;TECN3;0,00
01/06/2008;TCSA3;494.48
01/06/2008;TGMA3;297.01
01/06/2008;TELB4;220.47
01/06/2008;VIVT3;21237.41
01/06/2008;LAND3;75.79
01/06/2008;TIMS3;8479.06
01/06/2008;SHOW3;0,00
01/06/2008;TOTS3;1152.31
01/06/2008;TRPL4;6463.3
01/06/2008;TRIS3;185.98
01/06/2008;TPIS3;136.71
01/06/2008;TUPY3;627.96
01/06/2008;UGPA3;6804.19
01/06/2008;UCAS3;0,00
01/06/2008;UNIP6;690.84
01/06/2008;USIM5;12921.85
01/06/2008;VALE3;136641.59
01/06/2008;VLID3;543.55
01/06/2008;VIIA3;625.21
01/06/2008;VULC3;1294.3
01/06/2008;WEGE3;7720.33
01/06/2008;PORT3;0,00
01/06/2008;YDUQ3;982.31
01/06/2009;AESB3;0,00
01/06/2009;AALR3;0,00
01/06/2009;ALPA4;2056.69
01/06/2009;ALUP11;0,00
01/06/2009;ABEV3;98213.28
01/06/2009;AMER3;5267.27
01/06/2009;ANIM3;0,00
01/06/2009;ARZZ3;0,00
01/06/2009;AZEV4;0,00
01/06/2009;BLUT4;29.68
01/06/2009;BRAP3;13651.19
01/06/2009;BRAP4;13651.19
01/06/2009;AGRO3;613.44
01/06/2009;BRKM5;6999.05
01/06/2009;BRFS3;19736.43
01/06/2009;CCRO3;17607.32
01/06/2009;CLSC4;1353.84
01/06/2009;CMIG4;17643.26
01/06/2009;CESP6;7390.02
01/06/2009;COCE5;2481.14
01/06/2009;COGN3;1105.66
01/06/2009;CGAS5;3731.75
01/06/2009;CSMG3;3821.39
01/06/2009;CPLE6;10057.88
01/06/2009;CSAN3;10398.72
01/06/2009;CPFE3;16945.66
01/06/2009;CRPG5;301.8
01/06/2009;CARD3;405.81
01/06/2009;CVCB3;0,00
01/06/2009;CYRE3;10348.48
01/06/2009;DASA3;3271.4
01/06/2009;DXCO3;7417.98
01/06/2009;DEXP3;104.43
01/06/2009;PNVL3;271.89
01/06/2009;DIRR3;1519.91
01/06/2009;ECOR3;0,00
01/06/2009;ELET3;40100.34
01/06/2009;EMBR3;6882.05
01/06/2009;ENAT3;0,00
01/06/2009;ENBR3;5318.51
01/06/2009;ENGI3;2335.07
01/06/2009;ENEV3;3075.59
01/06/2009;EGIE3;14053.54
01/06/2009;EQTL3;1954.46
01/06/2009;ETER3;618.37
01/06/2009;EUCA4;436.18
01/06/2009;EVEN3;1526.35
01/06/2009;EZTC3;1217.9
01/06/2009;FHER3;518.64
01/06/2009;FESA4;1034.64
01/06/2009;FLRY3;2320.1
01/06/2009;FRAS3;277.28
01/06/2009;GFSA3;4709.78
01/06/2009;GGBR4;37941.91
01/06/2009;GOAU4;13515.21
01/06/2009;GRND3;2985,00
01/06/2009;NTCO3;15623.25
01/06/2009;GUAR3;3834.79
01/06/2009;HBOR3;665.35
01/06/2009;HYPE3;9624.02
01/06/2009;PARD3;0,00
01/06/2009;MEAL3;0,00
01/06/2009;ROMI3;876.91
01/06/2009;MYPK3;1207.14
01/06/2009;RANI3;181.26
01/06/2009;JBSS3;21654.85
01/06/2009;JHSF3;1598.32
01/06/2009;KEPL3;468.83
01/06/2009;KLBN11;4814.8
01/06/2009;LIGT3;5291.48
01/06/2009;RENT3;3815.35
01/06/2009;LCAM3;0,00
01/06/2009;LOGN3;727.75
01/06/2009;AMAR3;2029.53
01/06/2009;LREN3;4789.18
01/06/2009;LUPA3;1294.35
01/06/2009;MDIA3;4758.81
01/06/2009;MGLU3;0,00
01/06/2009;POMO4;1441.45
01/06/2009;MRFG3;6623.41
01/06/2009;LEVE3;761.35
01/06/2009;MILS3;0,00
01/06/2009;BEEF3;610.46
01/06/2009;MOVI3;0,00
01/06/2009;MRVE3;6787.74
01/06/2009;ODPV3;2833.16
01/06/2009;OIBR3;12067.8
01/06/2009;OFSA3;0,00
01/06/2009;PCAR3;16546.42
01/06/2009;PETR4;347084.65
01/06/2009;PRIO3;0,00
01/06/2009;PTBL3;228.97
01/06/2009;POSI3;1919.84
01/06/2009;PFRM3;546.65
01/06/2009;QUAL3;0,00
01/06/2009;RADL3;1660.99
01/06/2009;RAPT4;2389.94
01/06/2009;RAIL3;13244.74
01/06/2009;SBSP3;7833,00
01/06/2009;SAPR4;1076.26
01/06/2009;STBP3;2295.22
01/06/2009;SMTO3;1918.64
01/06/2009;SHUL4;330.56
01/06/2009;SEER3;0,00
01/06/2009;CSNA3;40823.16
01/06/2009;SQIA3;0,00
01/06/2009;SLCE3;1590.77
01/06/2009;SGPS3;682.32
01/06/2009;TAEE11;3281.44
01/06/2009;TASA4;717.4
01/06/2009;TECN3;0,00
01/06/2009;TCSA3;1511.38
01/06/2009;TGMA3;1022.04
01/06/2009;TELB4;858.2
01/06/2009;VIVT3;20878.48
01/06/2009;LAND3;790.52
01/06/2009;TIMS3;14387.62
01/06/2009;SHOW3;0,00
01/06/2009;TOTS3;3675.94
01/06/2009;TRPL4;7938.7
01/06/2009;TRIS3;468.68
01/06/2009;TPIS3;779.21
01/06/2009;TUPY3;772.01
01/06/2009;UGPA3;10730.81
01/06/2009;UCAS3;0,00
01/06/2009;UNIP6;1297.86
01/06/2009;USIM5;24553.5
01/06/2009;VALE3;243203.6
01/06/2009;VLID3;959,00
01/06/2009;VIIA3;1906.6
01/06/2009;VULC3;1898.4
01/06/2009;WEGE3;11424.65
01/06/2009;PORT3;0,00
01/06/2009;YDUQ3;1948.91
01/06/2010;AESB3;0,00
01/06/2010;AALR3;0,00
01/06/2010;ALPA4;3688.04
01/06/2010;ALUP11;0,00
01/06/2010;ABEV3;144362.37
01/06/2010;AMER3;3473.91
01/06/2010;ANIM3;0,00
01/06/2010;ARZZ3;0,00
01/06/2010;AZEV4;0,00
01/06/2010;BLUT4;38.71
01/06/2010;BRAP3;15224.51
01/06/2010;BRAP4;15224.51
01/06/2010;AGRO3;642.65
01/06/2010;BRKM5;15133.03
01/06/2010;BRFS3;23832.06
01/06/2010;CCRO3;20701.51
01/06/2010;CLSC4;1461.79
01/06/2010;CMIG4;16441.84
01/06/2010;CESP6;8262.28
01/06/2010;COCE5;2201.82
01/06/2010;COGN3;1428.43
01/06/2010;CGAS5;4533.27
01/06/2010;CSMG3;3298.46
01/06/2010;CPLE6;10849.09
01/06/2010;CSAN3;11214.27
01/06/2010;CPFE3;19822.85
01/06/2010;CRPG5;268.15
01/06/2010;CARD3;320.96
01/06/2010;CVCB3;0,00
01/06/2010;CYRE3;9242.51
01/06/2010;DASA3;5155.94
01/06/2010;DXCO3;8172.41
01/06/2010;DEXP3;84.58
01/06/2010;PNVL3;416.68
01/06/2010;DIRR3;1799.66
01/06/2010;ECOR3;7140.17
01/06/2010;ELET3;26211.14
01/06/2010;EMBR3;8539.25
01/06/2010;ENAT3;0,00
01/06/2010;ENBR3;6136.5
01/06/2010;ENGI3;2008.53
01/06/2010;ENEV3;3600.49
01/06/2010;EGIE3;17917.77
01/06/2010;EQTL3;1240.62
01/06/2010;ETER3;1073.65
01/06/2010;EUCA4;665.52
01/06/2010;EVEN3;2006.32
01/06/2010;EZTC3;2010.25
01/06/2010;FHER3;449.33
01/06/2010;FESA4;1173.55
01/06/2010;FLRY3;3499.11
01/06/2010;FRAS3;403.92
01/06/2010;GFSA3;5188.22
01/06/2010;GGBR4;31141.15
01/06/2010;GOAU4;10451.78
01/06/2010;GRND3;2802.71
01/06/2010;NTCO3;20548.67
01/06/2010;GUAR3;4966.73
01/06/2010;HBOR3;1366.39
01/06/2010;HYPE3;12342.97
01/06/2010;PARD3;0,00
01/06/2010;MEAL3;0,00
01/06/2010;ROMI3;1083.99
01/06/2010;MYPK3;2286.2
01/06/2010;RANI3;217.76
01/06/2010;JBSS3;17872.79
01/06/2010;JHSF3;1491.77
01/06/2010;KEPL3;458.25
01/06/2010;KLBN11;5320.24
01/06/2010;LIGT3;5186.04
01/06/2010;RENT3;5292.43
01/06/2010;LCAM3;0,00
01/06/2010;LOGN3;890.43
01/06/2010;AMAR3;4643.3
01/06/2010;LREN3;6900.48
01/06/2010;LUPA3;919.97
01/06/2010;MDIA3;4481.28
01/06/2010;MGLU3;0,00
01/06/2010;POMO4;2955.56
01/06/2010;MRFG3;5337.61
01/06/2010;LEVE3;1946.01
01/06/2010;MILS3;2585.2
01/06/2010;BEEF3;724.61
01/06/2010;MOVI3;0,00
01/06/2010;MRVE3;7530.81
01/06/2010;ODPV3;4440.96
01/06/2010;OIBR3;7756.9
01/06/2010;OFSA3;0,00
01/06/2010;PCAR3;17847.59
01/06/2010;PETR4;380246.72
01/06/2010;PRIO3;7344.76
01/06/2010;PTBL3;322.79
01/06/2010;POSI3;839.52
01/06/2010;PFRM3;514.04
01/06/2010;QUAL3;0,00
01/06/2010;RADL3;2531.74
01/06/2010;RAPT4;2733.78
01/06/2010;RAIL3;10328.27
01/06/2010;SBSP3;9703.54
01/06/2010;SAPR4;1199.28
01/06/2010;STBP3;3016.57
01/06/2010;SMTO3;2990.82
01/06/2010;SHUL4;577.54
01/06/2010;SEER3;0,00
01/06/2010;CSNA3;38884.06
01/06/2010;SQIA3;0,00
01/06/2010;SLCE3;2154.02
01/06/2010;SGPS3;775.69
01/06/2010;TAEE11;2679.78
01/06/2010;TASA4;585.6
01/06/2010;TECN3;0,00
01/06/2010;TCSA3;1610.28
01/06/2010;TGMA3;1678.12
01/06/2010;TELB4;1801.07
01/06/2010;VIVT3;20598.19
01/06/2010;LAND3;1084.19
01/06/2010;TIMS3;14737.57
01/06/2010;SHOW3;0,00
01/06/2010;TOTS3;5316.57
01/06/2010;TRPL4;8748.94
01/06/2010;TRIS3;576.68
01/06/2010;TPIS3;1423.5
01/06/2010;TUPY3;1457.04
01/06/2010;UGPA3;14078.25
01/06/2010;UCAS3;0,00
01/06/2010;UNIP6;517.73
01/06/2010;USIM5;20015.65
01/06/2010;VALE3;275006.44
01/06/2010;VLID3;1041.46
01/06/2010;VIIA3;6295.64
01/06/2010;VULC3;1995,00
01/06/2010;WEGE3;13535.73
01/06/2010;PORT3;0,00
01/06/2010;YDUQ3;2214.61
01/06/2011;AESB3;0,00
01/06/2011;AALR3;0,00
01/06/2011;ALPA4;4292.47
01/06/2011;ALUP11;0,00
01/06/2011;ABEV3;187553.88
01/06/2011;AMER3;1438.35
01/06/2011;ANIM3;0,00
01/06/2011;ARZZ3;2044.75
01/06/2011;AZEV4;56.43
01/06/2011;BLUT4;27.87
01/06/2011;BRAP3;11485.18
01/06/2011;BRAP4;11485.18
01/06/2011;AGRO3;564.36
01/06/2011;BRKM5;9780.87
01/06/2011;BRFS3;31665.51
01/06/2011;CCRO3;21575.48
01/06/2011;CLSC4;2025.6
01/06/2011;CMIG4;20913.59
01/06/2011;CESP6;10201.13
01/06/2011;COCE5;2552.33
01/06/2011;COGN3;1563.75
01/06/2011;CGAS5;5125.22
01/06/2011;CSMG3;3838.7
01/06/2011;CPLE6;9792.5
01/06/2011;CSAN3;10969.53
01/06/2011;CPFE3;25038.38
01/06/2011;CRPG5;355.8
01/06/2011;CARD3;210.06
01/06/2011;CVCB3;0,00
01/06/2011;CYRE3;6094.31
01/06/2011;DASA3;4814.98
01/06/2011;DXCO3;4889.46
01/06/2011;DEXP3;190.19
01/06/2011;PNVL3;495.47
01/06/2011;DIRR3;1455.82
01/06/2011;ECOR3;7793.85
01/06/2011;ELET3;26523.9
01/06/2011;EMBR3;8510.32
01/06/2011;ENAT3;4385.81
01/06/2011;ENBR3;6578.79
01/06/2011;ENGI3;2498.17
01/06/2011;ENEV3;6357.53
01/06/2011;EGIE3;19556.16
01/06/2011;EQTL3;1383.9
01/06/2011;ETER3;796.29
01/06/2011;EUCA4;607.18
01/06/2011;EVEN3;1441.75
01/06/2011;EZTC3;2316.77
01/06/2011;FHER3;538.03
01/06/2011;FESA4;724.78
01/06/2011;FLRY3;3342.76
01/06/2011;FRAS3;307.91
01/06/2011;GFSA3;1780.25
01/06/2011;GGBR4;23434.18
01/06/2011;GOAU4;6925.36
01/06/2011;GRND3;2312.54
01/06/2011;NTCO3;15527.15
01/06/2011;GUAR3;4867.2
01/06/2011;HBOR3;1347.51
01/06/2011;HYPE3;5313.47
01/06/2011;PARD3;0,00
01/06/2011;MEAL3;0,00
01/06/2011;ROMI3;498.86
01/06/2011;MYPK3;2388.9
01/06/2011;RANI3;152.52
01/06/2011;JBSS3;18022.68
01/06/2011;JHSF3;2348.77
01/06/2011;KEPL3;301.13
01/06/2011;KLBN11;6768.8
01/06/2011;LIGT3;5873.3
01/06/2011;RENT3;5042.57
01/06/2011;LCAM3;0,00
01/06/2011;LOGN3;587.34
01/06/2011;AMAR3;3155.82
01/06/2011;LREN3;5945.76
01/06/2011;LUPA3;212.34
01/06/2011;MDIA3;5411.57
01/06/2011;MGLU3;1779.15
01/06/2011;POMO4;3053.75
01/06/2011;MRFG3;2951.86
01/06/2011;LEVE3;1811.37
01/06/2011;MILS3;2224.13
01/06/2011;BEEF3;555.08
01/06/2011;MOVI3;0,00
01/06/2011;MRVE3;5131.91
01/06/2011;ODPV3;4699.3
01/06/2011;OIBR3;6581.68
01/06/2011;OFSA3;0,00
01/06/2011;PCAR3;17420.4
01/06/2011;PETR4;291564.35
01/06/2011;PRIO3;3326.35
01/06/2011;PTBL3;279.86
01/06/2011;POSI3;497.69
01/06/2011;PFRM3;357.03
01/06/2011;QUAL3;4356.4
01/06/2011;RADL3;4285.11
01/06/2011;RAPT4;1970.04
01/06/2011;RAIL3;6330.37
01/06/2011;SBSP3;11854.31
01/06/2011;SAPR4;1853.78
01/06/2011;STBP3;3260.69
01/06/2011;SMTO3;1886.39
01/06/2011;SHUL4;638.17
01/06/2011;SEER3;0,00
01/06/2011;CSNA3;21840.39
01/06/2011;SQIA3;0,00
01/06/2011;SLCE3;1511.09
01/06/2011;SGPS3;455.36
01/06/2011;TAEE11;3267.39
01/06/2011;TASA4;191.41
01/06/2011;TECN3;1203.57
01/06/2011;TCSA3;1837.17
01/06/2011;TGMA3;1691.31
01/06/2011;TELB4;3737.92
01/06/2011;VIVT3;56145.3
01/06/2011;LAND3;742.45
01/06/2011;TIMS3;22331.57
01/06/2011;SHOW3;793.37
01/06/2011;TOTS3;5303.87
01/06/2011;TRPL4;8595.52
01/06/2011;TRIS3;233.13
01/06/2011;TPIS3;1372.4
01/06/2011;TUPY3;1592.71
01/06/2011;UGPA3;17163.2
01/06/2011;UCAS3;0,00
01/06/2011;UNIP6;290.47
01/06/2011;USIM5;13539.2
01/06/2011;VALE3;197946.38
01/06/2011;VLID3;1206.61
01/06/2011;VIIA3;5001.66
01/06/2011;VULC3;543.2
01/06/2011;WEGE3;11641.82
01/06/2011;PORT3;0,00
01/06/2011;YDUQ3;1475.18
01/06/2012;AESB3;0,00
01/06/2012;AALR3;0,00
01/06/2012;ALPA4;5706.42
01/06/2012;ALUP11;0,00
01/06/2012;ABEV3;264301.51
01/06/2012;AMER3;2661.12
01/06/2012;ANIM3;0,00
01/06/2012;ARZZ3;3493.18
01/06/2012;AZEV4;53.46
01/06/2012;BLUT4;32.52
01/06/2012;BRAP3;11196.31
01/06/2012;BRAP4;11196.31
01/06/2012;AGRO3;584.22
01/06/2012;BRKM5;8744.88
01/06/2012;BRFS3;36533.67
01/06/2012;CCRO3;34340.67
01/06/2012;CLSC4;1196.69
01/06/2012;CMIG4;19000.81
01/06/2012;CESP6;6027.38
01/06/2012;COCE5;3499.16
01/06/2012;COGN3;6195.93
01/06/2012;CGAS5;6615.22
01/06/2012;CSMG3;5220.56
01/06/2012;CPLE6;7732.17
01/06/2012;CSAN3;16906.34
01/06/2012;CPFE3;20592.67
01/06/2012;CRPG5;626.81
01/06/2012;CARD3;186.91
01/06/2012;CVCB3;0,00
01/06/2012;CYRE3;7372.59
01/06/2012;DASA3;4097.39
01/06/2012;DXCO3;8155.99
01/06/2012;DEXP3;57.42
01/06/2012;PNVL3;1227.96
01/06/2012;DIRR3;2178.71
01/06/2012;ECOR3;9662.45
01/06/2012;ELET3;9664.35
01/06/2012;EMBR3;10495.9
01/06/2012;ENAT3;3440.3
01/06/2012;ENBR3;5939.92
01/06/2012;ENGI3;2669.82
01/06/2012;ENEV3;6447.4
01/06/2012;EGIE3;21768.95
01/06/2012;EQTL3;3469.62
01/06/2012;ETER3;724.72
01/06/2012;EUCA4;727.87
01/06/2012;EVEN3;2192.96
01/06/2012;EZTC3;3770.81
01/06/2012;FHER3;505.07
01/06/2012;FESA4;1099.09
01/06/2012;FLRY3;3603.13
01/06/2012;FRAS3;568.83
01/06/2012;GFSA3;2037.69
01/06/2012;GGBR4;29048.06
01/06/2012;GOAU4;8639.64
01/06/2012;GRND3;4958.87
01/06/2012;NTCO3;25174.03
01/06/2012;GUAR3;7216.25
01/06/2012;HBOR3;2450.9
01/06/2012;HYPE3;10401.17
01/06/2012;PARD3;0,00
01/06/2012;MEAL3;0,00
01/06/2012;ROMI3;331.52
01/06/2012;MYPK3;2586.71
01/06/2012;RANI3;253,00
01/06/2012;JBSS3;17076.74
01/06/2012;JHSF3;3705.7
01/06/2012;KEPL3;319.46
01/06/2012;KLBN11;11188.13
01/06/2012;LIGT3;4551.81
01/06/2012;RENT3;7429.77
01/06/2012;LCAM3;792.89
01/06/2012;LOGN3;732.03
01/06/2012;AMAR3;6032.66
01/06/2012;LREN3;9902.56
01/06/2012;LUPA3;259.06
01/06/2012;MDIA3;8859.31
01/06/2012;MGLU3;2265.9
01/06/2012;POMO4;5588.9
01/06/2012;MRFG3;4039.08
01/06/2012;LEVE3;3199.97
01/06/2012;MILS3;4297.57
01/06/2012;BEEF3;1607.83
01/06/2012;MOVI3;0,00
01/06/2012;MRVE3;5719.62
01/06/2012;ODPV3;5700.79
01/06/2012;OIBR3;14077.43
01/06/2012;OFSA3;0,00
01/06/2012;PCAR3;23817.52
01/06/2012;PETR4;254851.86
01/06/2012;PRIO3;1397.3
01/06/2012;PTBL3;710.77
01/06/2012;POSI3;433.97
01/06/2012;PFRM3;471.6
01/06/2012;QUAL3;5586.74
01/06/2012;RADL3;7622.01
01/06/2012;RAPT4;2819.55
01/06/2012;RAIL3;5656.49
01/06/2012;SBSP3;19792.17
01/06/2012;SAPR4;3685.12
01/06/2012;STBP3;3878.7
01/06/2012;SMTO3;3142.35
01/06/2012;SHUL4;513.09
01/06/2012;SEER3;0,00
01/06/2012;CSNA3;17291.53
01/06/2012;SQIA3;0,00
01/06/2012;SLCE3;1952.02
01/06/2012;SGPS3;582,00
01/06/2012;TAEE11;7510.08
01/06/2012;TASA4;389.54
01/06/2012;TECN3;1938.85
01/06/2012;TCSA3;1471.39
01/06/2012;TGMA3;2307.8
01/06/2012;TELB4;1404.51
01/06/2012;VIVT3;53000.08
01/06/2012;LAND3;1429.59
01/06/2012;TIMS3;19818.06
01/06/2012;SHOW3;547.16
01/06/2012;TOTS3;6528.23
01/06/2012;TRPL4;5778.52
01/06/2012;TRIS3;236.4
01/06/2012;TPIS3;1825,00
01/06/2012;TUPY3;2826.06
01/06/2012;UGPA3;24830.53
01/06/2012;UCAS3;739.51
01/06/2012;UNIP6;353.82
01/06/2012;USIM5;13094,00
01/06/2012;VALE3;215110.25
01/06/2012;VLID3;2526.39
01/06/2012;VIIA3;5808.38
01/06/2012;VULC3;313.6
01/06/2012;WEGE3;16737.44
01/06/2012;PORT3;0,00
01/06/2012;YDUQ3;3426.05
01/06/2013;AESB3;0,00
01/06/2013;AALR3;0,00
01/06/2013;ALPA4;5840.93
01/06/2013;ALUP11;3384.88
01/06/2013;ABEV3;270935.48
01/06/2013;AMER3;2427.92
01/06/2013;ANIM3;1756.77
01/06/2013;ARZZ3;2636.95
01/06/2013;AZEV4;50.85
01/06/2013;BLUT4;7.62
01/06/2013;BRAP3;8181,00
01/06/2013;BRAP4;8181,00
01/06/2013;AGRO3;550.24
01/06/2013;BRKM5;14685.81
01/06/2013;BRFS3;42516.36
01/06/2013;CCRO3;31374.48
01/06/2013;CLSC4;658.62
01/06/2013;CMIG4;17708.8
01/06/2013;CESP6;7065.67
01/06/2013;COCE5;3394.9
01/06/2013;COGN3;10536.64
01/06/2013;CGAS5;6393.69
01/06/2013;CSMG3;4438.96
01/06/2013;CPLE6;7161.09
01/06/2013;CSAN3;16022.74
01/06/2013;CPFE3;18369.82
01/06/2013;CRPG5;469.51
01/06/2013;CARD3;131.01
01/06/2013;CVCB3;1984.85
01/06/2013;CYRE3;5864.54
01/06/2013;DASA3;4522.98
01/06/2013;DXCO3;7938.05
01/06/2013;DEXP3;172.25
01/06/2013;PNVL3;999.17
01/06/2013;DIRR3;1833.89
01/06/2013;ECOR3;8260.72
01/06/2013;ELET3;9018.23
01/06/2013;EMBR3;13808,00
01/06/2013;ENAT3;2543.75
01/06/2013;ENBR3;5397.76
01/06/2013;ENGI3;3283.04
01/06/2013;ENEV3;2107.57
01/06/2013;EGIE3;23459.55
01/06/2013;EQTL3;4594.06
01/06/2013;ETER3;781.98
01/06/2013;EUCA4;626.52
01/06/2013;EVEN3;1901.34
01/06/2013;EZTC3;4275.54
01/06/2013;FHER3;339.3
01/06/2013;FESA4;1335.23
01/06/2013;FLRY3;2875.8
01/06/2013;FRAS3;594.89
01/06/2013;GFSA3;1470.1
01/06/2013;GGBR4;29396.54
01/06/2013;GOAU4;8900.65
01/06/2013;GRND3;5430.13
01/06/2013;NTCO3;17749.05
01/06/2013;GUAR3;6255.6
01/06/2013;HBOR3;2010.06
01/06/2013;HYPE3;11149.36
01/06/2013;PARD3;0,00
01/06/2013;MEAL3;0,00
01/06/2013;ROMI3;426.96
01/06/2013;MYPK3;2474,00
01/06/2013;RANI3;541.81
01/06/2013;JBSS3;25156.34
01/06/2013;JHSF3;1839.94
01/06/2013;KEPL3;1073.59
01/06/2013;KLBN11;10514.85
01/06/2013;LIGT3;4511.02
01/06/2013;RENT3;6906.6
01/06/2013;LCAM3;455.53
01/06/2013;LOGN3;702.07
01/06/2013;AMAR3;3450.91
01/06/2013;LREN3;7679.6
01/06/2013;LUPA3;107.17
01/06/2013;MDIA3;11345,00
01/06/2013;MGLU3;1389.15
01/06/2013;POMO4;4484.78
01/06/2013;MRFG3;2081.14
01/06/2013;LEVE3;3515.65
01/06/2013;MILS3;4203.74
01/06/2013;BEEF3;1668.14
01/06/2013;MOVI3;0,00
01/06/2013;MRVE3;3993.83
01/06/2013;ODPV3;5221.86
01/06/2013;OIBR3;5898,00
01/06/2013;OFSA3;0,00
01/06/2013;PCAR3;27719.32
01/06/2013;PETR4;214687.73
01/06/2013;PRIO3;270.69
01/06/2013;PTBL3;789.28
01/06/2013;POSI3;247.12
01/06/2013;PFRM3;607.09
01/06/2013;QUAL3;5998.56
01/06/2013;RADL3;4883.11
01/06/2013;RAPT4;2638.4
01/06/2013;RAIL3;4482.51
01/06/2013;SBSP3;18085.67
01/06/2013;SAPR4;3159.13
01/06/2013;STBP3;2520.71
01/06/2013;SMTO3;3222.08
01/06/2013;SHUL4;660.51
01/06/2013;SEER3;2942.51
01/06/2013;CSNA3;20965.61
01/06/2013;SQIA3;132.61
01/06/2013;SLCE3;2009.04
01/06/2013;SGPS3;356,00
01/06/2013;TAEE11;6269.88
01/06/2013;TASA4;310.9
01/06/2013;TECN3;1257.71
01/06/2013;TCSA3;1625.42
01/06/2013;TGMA3;1186.88
01/06/2013;TELB4;500.61
01/06/2013;VIVT3;47754.3
01/06/2013;LAND3;1328.86
01/06/2013;TIMS3;29799.6
01/06/2013;SHOW3;371.14
01/06/2013;TOTS3;6028.31
01/06/2013;TRPL4;5126.54
01/06/2013;TRIS3;318.29
01/06/2013;TPIS3;1672,00
01/06/2013;TUPY3;3027.74
01/06/2013;UGPA3;30012.28
01/06/2013;UCAS3;378.01
01/06/2013;UNIP6;450.38
01/06/2013;USIM5;13122.18
01/06/2013;VALE3;178163.25
01/06/2013;VLID3;1790.19
01/06/2013;VIIA3;10245.13
01/06/2013;VULC3;481.6
01/06/2013;WEGE3;19332.65
01/06/2013;PORT3;0,00
01/06/2013;YDUQ3;5988.6
01/06/2014;AESB3;0,00
01/06/2014;AALR3;0,00
01/06/2014;ALPA4;3207.56
01/06/2014;ALUP11;3674.42
01/06/2014;ABEV3;254851.92
01/06/2014;AMER3;5733.07
01/06/2014;ANIM3;2929.31
01/06/2014;ARZZ3;2390.87
01/06/2014;AZEV4;49.68
01/06/2014;BLUT4;4.44
01/06/2014;BRAP3;4693.45
01/06/2014;BRAP4;4693.45
01/06/2014;AGRO3;529.28
01/06/2014;BRKM5;10905.76
01/06/2014;BRFS3;54557.27
01/06/2014;CCRO3;27207.7
01/06/2014;CLSC4;574.71
01/06/2014;CMIG4;16811.52
01/06/2014;CESP6;8286.67
01/06/2014;COCE5;3533.42
01/06/2014;COGN3;25131.32
01/06/2014;CGAS5;5870.89
01/06/2014;CSMG3;3004.65
01/06/2014;CPLE6;8228.89
01/06/2014;CSAN3;11708.97
01/06/2014;CPFE3;17792.45
01/06/2014;CRPG5;172.93
01/06/2014;CARD3;128.28
01/06/2014;CVCB3;2037.71
01/06/2014;CYRE3;4235.27
01/06/2014;DASA3;3461.76
01/06/2014;DXCO3;5324.52
01/06/2014;DEXP3;143.54
01/06/2014;PNVL3;957.69
01/06/2014;DIRR3;1242.99
01/06/2014;ECOR3;5931.93
01/06/2014;ELET3;8477.02
01/06/2014;EMBR3;17962.67
01/06/2014;ENAT3;1856.54
01/06/2014;ENBR3;4265.9
01/06/2014;ENGI3;2894.26
01/06/2014;ENEV3;336.04
01/06/2014;EGIE3;22082.27
01/06/2014;EQTL3;5496.99
01/06/2014;ETER3;581.56
01/06/2014;EUCA4;299.44
01/06/2014;EVEN3;1225,00
01/06/2014;EZTC3;3227.93
01/06/2014;FHER3;255.44
01/06/2014;FESA4;756.81
01/06/2014;FLRY3;2544.46
01/06/2014;FRAS3;500.09
01/06/2014;GFSA3;832.01
01/06/2014;GGBR4;15448.75
01/06/2014;GOAU4;4225.14
01/06/2014;GRND3;4590.92
01/06/2014;NTCO3;13664.67
01/06/2014;GUAR3;4804.18
01/06/2014;HBOR3;1224.08
01/06/2014;HYPE3;10524.47
01/06/2014;PARD3;0,00
01/06/2014;MEAL3;0,00
01/06/2014;ROMI3;197.33
01/06/2014;MYPK3;1154.08
01/06/2014;RANI3;535.87
01/06/2014;JBSS3;32354.72
01/06/2014;JHSF3;1015.52
01/06/2014;KEPL3;1323.34
01/06/2014;KLBN11;13915.75
01/06/2014;LIGT3;3470.96
01/06/2014;RENT3;7421.33
01/06/2014;LCAM3;271.29
01/06/2014;LOGN3;291.1
01/06/2014;AMAR3;2690.23
01/06/2014;LREN3;9741.9
01/06/2014;LUPA3;328.79
01/06/2014;MDIA3;10323.95
01/06/2014;MGLU3;1380.87
01/06/2014;POMO4;2983.55
01/06/2014;MRFG3;3174.18
01/06/2014;LEVE3;2689.35
01/06/2014;MILS3;1211.65
01/06/2014;BEEF3;1762.2
01/06/2014;MOVI3;0,00
01/06/2014;MRVE3;3343.62
01/06/2014;ODPV3;5198.66
01/06/2014;OIBR3;7406.19
01/06/2014;OFSA3;1654.95
01/06/2014;PCAR3;26141.88
01/06/2014;PETR4;127505.6
01/06/2014;PRIO3;137.44
01/06/2014;PTBL3;760.74
01/06/2014;POSI3;182.39
01/06/2014;PFRM3;362.36
01/06/2014;QUAL3;7600.87
01/06/2014;RADL3;8347.4
01/06/2014;RAPT4;1309.18
01/06/2014;RAIL3;3450.91
01/06/2014;SBSP3;11626.5
01/06/2014;SAPR4;3163.06
01/06/2014;STBP3;1847.85
01/06/2014;SMTO3;4090.22
01/06/2014;SHUL4;334.15
01/06/2014;SEER3;3705.06
01/06/2014;CSNA3;7308.08
01/06/2014;SQIA3;97.08
01/06/2014;SLCE3;1371.24
01/06/2014;SGPS3;128,00
01/06/2014;TAEE11;6490.36
01/06/2014;TASA4;110.39
01/06/2014;TECN3;597.33
01/06/2014;TCSA3;690.9
01/06/2014;TGMA3;1047.75
01/06/2014;TELB4;238.59
01/06/2014;VIVT3;49495.63
01/06/2014;LAND3;548.17
01/06/2014;TIMS3;28510.39
01/06/2014;SHOW3;195.69
01/06/2014;TOTS3;5670.84
01/06/2014;TRPL4;6692.27
01/06/2014;TRIS3;234.7
01/06/2014;TPIS3;1355.2
01/06/2014;TUPY3;2573.58
01/06/2014;UGPA3;28259.27
01/06/2014;UCAS3;157.95
01/06/2014;UNIP6;398.71
01/06/2014;USIM5;8631.97
01/06/2014;VALE3;107636.95
01/06/2014;VLID3;2357.99
01/06/2014;VIIA3;8855.41
01/06/2014;VULC3;222.28
01/06/2014;WEGE3;24682.95
01/06/2014;PORT3;0,00
01/06/2014;YDUQ3;7457.49
01/06/2015;AESB3;0,00
01/06/2015;AALR3;0,00
01/06/2015;ALPA4;3880.41
01/06/2015;ALUP11;2739.15
01/06/2015;ABEV3;279978.93
01/06/2015;AMER3;3918.96
01/06/2015;ANIM3;1139.78
01/06/2015;ARZZ3;1863.44
01/06/2015;AZEV4;37.11
01/06/2015;BLUT4;6.31
01/06/2015;BRAP3;1669.5
01/06/2015;BRAP4;1669.5
01/06/2015;AGRO3;634.58
01/06/2015;BRKM5;16690.45
01/06/2015;BRFS3;44307.62
01/06/2015;CCRO3;22158.12
01/06/2015;CLSC4;696.02
01/06/2015;CMIG4;7643.7
01/06/2015;CESP6;4036.23
01/06/2015;COCE5;2687.91
01/06/2015;COGN3;15388.15
01/06/2015;CGAS5;4658.06
01/06/2015;CSMG3;1849.57
01/06/2015;CPLE6;5446.07
01/06/2015;CSAN3;10227.59
01/06/2015;CPFE3;15073.96
01/06/2015;CRPG5;87.95
01/06/2015;CARD3;122.92
01/06/2015;CVCB3;1808.06
01/06/2015;CYRE3;2843.11
01/06/2015;DASA3;3139.98
01/06/2015;DXCO3;3912.17
01/06/2015;DEXP3;32.3
01/06/2015;PNVL3;1259.06
01/06/2015;DIRR3;513.4
01/06/2015;ECOR3;2832.41
01/06/2015;ELET3;9034.1
01/06/2015;EMBR3;22248.55
01/06/2015;ENAT3;1503.28
01/06/2015;ENBR3;5725.91
01/06/2015;ENGI3;3869.58
01/06/2015;ENEV3;2264.78
01/06/2015;EGIE3;21860.34
01/06/2015;EQTL3;6799.63
01/06/2015;ETER3;373.99
01/06/2015;EUCA4;253.37
01/06/2015;EVEN3;885.5
01/06/2015;EZTC3;2004.07
01/06/2015;FHER3;72.71
01/06/2015;FESA4;658.18
01/06/2015;FLRY3;2500.69
01/06/2015;FRAS3;463.5
01/06/2015;GFSA3;892.98
01/06/2015;GGBR4;7173.88
01/06/2015;GOAU4;1458.62
01/06/2015;GRND3;5063.03
01/06/2015;NTCO3;10107.37
01/06/2015;GUAR3;2946.84
01/06/2015;HBOR3;404.59
01/06/2015;HYPE3;13725.87
01/06/2015;PARD3;0,00
01/06/2015;MEAL3;341.63
01/06/2015;ROMI3;114.18
01/06/2015;MYPK3;1163.54
01/06/2015;RANI3;494.68
01/06/2015;JBSS3;34492.4
01/06/2015;JHSF3;666.58
01/06/2015;KEPL3;426.25
01/06/2015;KLBN11;25968.33
01/06/2015;LIGT3;2018.95
01/06/2015;RENT3;5133.26
01/06/2015;LCAM3;217.16
01/06/2015;LOGN3;103.6
01/06/2015;AMAR3;989.82
01/06/2015;LREN3;10938.72
01/06/2015;LUPA3;19.45
01/06/2015;MDIA3;7514.5
01/06/2015;MGLU3;386.08
01/06/2015;POMO4;1597.06
01/06/2015;MRFG3;3306.37
01/06/2015;LEVE3;3175.64
01/06/2015;MILS3;334.57
01/06/2015;BEEF3;2553.52
01/06/2015;MOVI3;0,00
01/06/2015;MRVE3;3829.26
01/06/2015;ODPV3;4991.08
01/06/2015;OIBR3;1551.44
01/06/2015;OFSA3;1887.44
01/06/2015;PCAR3;11112.53
01/06/2015;PETR4;101315.52
01/06/2015;PRIO3;161.55
01/06/2015;PTBL3;326.49
01/06/2015;POSI3;144.89
01/06/2015;PFRM3;203.95
01/06/2015;QUAL3;3875.55
01/06/2015;RADL3;11683.07
01/06/2015;RAPT4;681.85
01/06/2015;RAIL3;0,00
01/06/2015;SBSP3;12938.84
01/06/2015;SAPR4;1640.23
01/06/2015;STBP3;1663.07
01/06/2015;SMTO3;5176.73
01/06/2015;SHUL4;468.03
01/06/2015;SEER3;961.24
01/06/2015;CSNA3;5428.53
01/06/2015;SQIA3;102.42
01/06/2015;SLCE3;1596.52
01/06/2015;SGPS3;144.5
01/06/2015;TAEE11;5770.36
01/06/2015;TASA4;61.08
01/06/2015;TECN3;279.82
01/06/2015;TCSA3;473.76
01/06/2015;TGMA3;309.91
01/06/2015;TELB4;256.27
01/06/2015;VIVT3;59065.82
01/06/2015;LAND3;142.42
01/06/2015;TIMS3;16602.82
01/06/2015;SHOW3;209.25
01/06/2015;TOTS3;5071.5
01/06/2015;TRPL4;7194.8
01/06/2015;TRIS3;207.47
01/06/2015;TPIS3;804.49
01/06/2015;TUPY3;2696.13
01/06/2015;UGPA3;32829.41
01/06/2015;UCAS3;113.67
01/06/2015;UNIP6;395.44
01/06/2015;USIM5;2772.46
01/06/2015;VALE3;61678.21
01/06/2015;VLID3;2748.05
01/06/2015;VIIA3;1617.78
01/06/2015;VULC3;340.82
01/06/2015;WEGE3;24112.07
01/06/2015;PORT3;0,00
01/06/2015;YDUQ3;4293.64
01/06/2016;AESB3;5524.82
01/06/2016;AALR3;1678.41
01/06/2016;ALPA4;4362.15
01/06/2016;ALUP11;5365.65
01/06/2016;ABEV3;257498.09
01/06/2016;AMER3;3493.13
01/06/2016;ANIM3;1090.77
01/06/2016;ARZZ3;2226.23
01/06/2016;AZEV4;27.54
01/06/2016;BLUT4;2.05
01/06/2016;BRAP3;4890.98
01/06/2016;BRAP4;4890.98
01/06/2016;AGRO3;601.44
01/06/2016;BRKM5;25346.03
01/06/2016;BRFS3;38552,00
01/06/2016;CCRO3;28178.77
01/06/2016;CLSC4;612.89
01/06/2016;CMIG4;9772.88
01/06/2016;CESP6;4353.17
01/06/2016;COCE5;3891.99
01/06/2016;COGN3;21646.04
01/06/2016;CGAS5;5307.84
01/06/2016;CSMG3;4613.38
01/06/2016;CPLE6;6286.35
01/06/2016;CSAN3;15537.15
01/06/2016;CPFE3;25661.63
01/06/2016;CRPG5;140.15
01/06/2016;CARD3;202.2
01/06/2016;CVCB3;3148.4
01/06/2016;CYRE3;3924.67
01/06/2016;DASA3;5480.85
01/06/2016;DXCO3;4687.23
01/06/2016;DEXP3;138.3
01/06/2016;PNVL3;2854.13
01/06/2016;DIRR3;667.2
01/06/2016;ECOR3;4585.28
01/06/2016;ELET3;31671.13
01/06/2016;EMBR3;11752.94
01/06/2016;ENAT3;1374.35
01/06/2016;ENBR3;8121.65
01/06/2016;ENGI3;6534.31
01/06/2016;ENEV3;2845.62
01/06/2016;EGIE3;22845.98
01/06/2016;EQTL3;10807.97
01/06/2016;ETER3;236.2
01/06/2016;EUCA4;258.96
01/06/2016;EVEN3;823,00
01/06/2016;EZTC3;2582.28
01/06/2016;FHER3;110.41
01/06/2016;FESA4;773.25
01/06/2016;FLRY3;5601.15
01/06/2016;FRAS3;926.93
01/06/2016;GFSA3;676.86
01/06/2016;GGBR4;16798.05
01/06/2016;GOAU4;4441.04
01/06/2016;GRND3;5285.43
01/06/2016;NTCO3;9905.55
01/06/2016;GUAR3;3675.67
01/06/2016;HBOR3;492.95
01/06/2016;HYPE3;16451.3
01/06/2016;PARD3;0,00
01/06/2016;MEAL3;805.3
01/06/2016;ROMI3;160.29
01/06/2016;MYPK3;1101.6
01/06/2016;RANI3;394.9
01/06/2016;JBSS3;31026.2
01/06/2016;JHSF3;740.06
01/06/2016;KEPL3;473.62
01/06/2016;KLBN11;18867.92
01/06/2016;LIGT3;3540.3
01/06/2016;RENT3;7121.18
01/06/2016;LCAM3;381.37
01/06/2016;LOGN3;44.01
01/06/2016;AMAR3;1216.35
01/06/2016;LREN3;14887.91
01/06/2016;LUPA3;37.86
01/06/2016;MDIA3;12996.13
01/06/2016;MGLU3;2258.65
01/06/2016;POMO4;2319.92
01/06/2016;MRFG3;3445.79
01/06/2016;LEVE3;2663.68
01/06/2016;MILS3;677.63
01/06/2016;BEEF3;2861.71
01/06/2016;MOVI3;0,00
01/06/2016;MRVE3;4827.5
01/06/2016;ODPV3;6689.05
01/06/2016;OIBR3;1717.76
01/06/2016;OFSA3;1510.57
01/06/2016;PCAR3;14554.9
01/06/2016;PETR4;209377.55
01/06/2016;PRIO3;286.36
01/06/2016;PTBL3;321.73
01/06/2016;POSI3;239.17
01/06/2016;PFRM3;526.27
01/06/2016;QUAL3;5304,00
01/06/2016;RADL3;20163.86
01/06/2016;RAPT4;1069.53
01/06/2016;RAIL3;0,00
01/06/2016;SBSP3;19678.25
01/06/2016;SAPR4;5260.37
01/06/2016;STBP3;1583.87
01/06/2016;SMTO3;6576.97
01/06/2016;SHUL4;268.76
01/06/2016;SEER3;2330.68
01/06/2016;CSNA3;14724.89
01/06/2016;SQIA3;154.95
01/06/2016;SLCE3;1405.84
01/06/2016;SGPS3;212.5
01/06/2016;TAEE11;7144.91
01/06/2016;TASA4;96.42
01/06/2016;TECN3;278.27
01/06/2016;TCSA3;576.72
01/06/2016;TGMA3;507.06
01/06/2016;TELB4;310.34
01/06/2016;VIVT3;69460.85
01/06/2016;LAND3;179.14
01/06/2016;TIMS3;18950.45
01/06/2016;SHOW3;378.01
01/06/2016;TOTS3;3926.81
01/06/2016;TRPL4;10306.92
01/06/2016;TRIS3;211.82
01/06/2016;TPIS3;550.02
01/06/2016;TUPY3;1731.58
01/06/2016;UGPA3;37187.09
01/06/2016;UCAS3;167.86
01/06/2016;UNIP6;573.32
01/06/2016;USIM5;7953.45
01/06/2016;VALE3;127734.2
01/06/2016;VLID3;1589.79
01/06/2016;VIIA3;4616.18
01/06/2016;VULC3;444.55
01/06/2016;WEGE3;25006.17
01/06/2016;PORT3;0,00
01/06/2016;YDUQ3;4872.69
01/06/2017;AESB3;5075.34
01/06/2017;AALR3;1749.24
01/06/2017;ALPA4;7981.23
01/06/2017;ALUP11;6273.24
01/06/2017;ABEV3;334313.5
01/06/2017;AMER3;9301.34
01/06/2017;ANIM3;2257.11
01/06/2017;ARZZ3;4908.83
01/06/2017;AZEV4;28.62
01/06/2017;BLUT4;4.33
01/06/2017;BRAP3;9508.07
01/06/2017;BRAP4;9508.07
01/06/2017;AGRO3;673.6
01/06/2017;BRKM5;34410.05
01/06/2017;BRFS3;29687.71
01/06/2017;CCRO3;32623,00
01/06/2017;CLSC4;1090.3
01/06/2017;CMIG4;8450.84
01/06/2017;CESP6;4145.47
01/06/2017;COCE5;3969.36
01/06/2017;COGN3;30182.57
01/06/2017;CGAS5;7291.69
01/06/2017;CSMG3;5484.24
01/06/2017;CPLE6;6047.46
01/06/2017;CSAN3;16861.37
01/06/2017;CPFE3;19696.65
01/06/2017;CRPG5;400.52
01/06/2017;CARD3;406.47
01/06/2017;CVCB3;6871.91
01/06/2017;CYRE3;5059.4
01/06/2017;DASA3;8533.89
01/06/2017;DXCO3;6341.62
01/06/2017;DEXP3;102.35
01/06/2017;PNVL3;1787.21
01/06/2017;DIRR3;827.37
01/06/2017;ECOR3;6844.53
01/06/2017;ELET3;27051.81
01/06/2017;EMBR3;14660.82
01/06/2017;ENAT3;2782.89
01/06/2017;ENBR3;8476.72
01/06/2017;ENGI3;11540.76
01/06/2017;ENEV3;4378.36
01/06/2017;EGIE3;23178.88
01/06/2017;EQTL3;13047.51
01/06/2017;ETER3;164.63
01/06/2017;EUCA4;459.04
01/06/2017;EVEN3;1262.7
01/06/2017;EZTC3;3572.29
01/06/2017;FHER3;137.34
01/06/2017;FESA4;1678.48
01/06/2017;FLRY3;9336.39
01/06/2017;FRAS3;1150.07
01/06/2017;GFSA3;554.51
01/06/2017;GGBR4;20011.02
01/06/2017;GOAU4;5419.21
01/06/2017;GRND3;8555.26
01/06/2017;NTCO3;14229.29
01/06/2017;GUAR3;9011.44
01/06/2017;HBOR3;886.17
01/06/2017;HYPE3;22165.17
01/06/2017;PARD3;4370.02
01/06/2017;MEAL3;1412.83
01/06/2017;ROMI3;484,00
01/06/2017;MYPK3;3211.84
01/06/2017;RANI3;326.52
01/06/2017;JBSS3;26581.92
01/06/2017;JHSF3;919.67
01/06/2017;KEPL3;513.87
01/06/2017;KLBN11;18039.36
01/06/2017;LIGT3;3403.66
01/06/2017;RENT3;14568.36
01/06/2017;LCAM3;1554.18
01/06/2017;LOGN3;77.48
01/06/2017;AMAR3;1479.62
01/06/2017;LREN3;25259.48
01/06/2017;LUPA3;27.24
01/06/2017;MDIA3;17661.9
01/06/2017;MGLU3;15180.14
01/06/2017;POMO4;3409.73
01/06/2017;MRFG3;4545.64
01/06/2017;LEVE3;3062.72
01/06/2017;MILS3;714.03
01/06/2017;BEEF3;2349.59
01/06/2017;MOVI3;1505.12
01/06/2017;MRVE3;6645.39
01/06/2017;ODPV3;8448.73
01/06/2017;OIBR3;2427.72
01/06/2017;OFSA3;1294.78
01/06/2017;PCAR3;21022.69
01/06/2017;PETR4;216044.79
01/06/2017;PRIO3;1024.06
01/06/2017;PTBL3;870.1
01/06/2017;POSI3;268.13
01/06/2017;PFRM3;559.55
01/06/2017;QUAL3;8850.87
01/06/2017;RADL3;30267.55
01/06/2017;RAPT4;2231.52
01/06/2017;RAIL3;20220.44
01/06/2017;SBSP3;23464.89
01/06/2017;SAPR4;5836.53
01/06/2017;STBP3;2240.3
01/06/2017;SMTO3;6894.38
01/06/2017;SHUL4;437.77
01/06/2017;SEER3;4333,00
01/06/2017;CSNA3;11372.77
01/06/2017;SQIA3;299.15
01/06/2017;SLCE3;2561.14
01/06/2017;SGPS3;540.5
01/06/2017;TAEE11;7234.53
01/06/2017;TASA4;129.33
01/06/2017;TECN3;274.41
01/06/2017;TCSA3;682.26
01/06/2017;TGMA3;1306.23
01/06/2017;TELB4;417.91
01/06/2017;VIVT3;77879.7
01/06/2017;LAND3;266.74
01/06/2017;TIMS3;31694.54
01/06/2017;SHOW3;495.88
01/06/2017;TOTS3;4884.2
01/06/2017;TRPL4;10495.56
01/06/2017;TRIS3;298.74
01/06/2017;TPIS3;582.98
01/06/2017;TUPY3;2631.25
01/06/2017;UGPA3;40752.28
01/06/2017;UCAS3;167.86
01/06/2017;UNIP6;1302.01
01/06/2017;USIM5;12392.22
01/06/2017;VALE3;209248.61
01/06/2017;VLID3;1307.31
01/06/2017;VIIA3;10544.1
01/06/2017;VULC3;2236.38
01/06/2017;WEGE3;38890.47
01/06/2017;PORT3;0,00
01/06/2017;YDUQ3;10155.62
01/06/2018;AESB3;3989.62
01/06/2018;AALR3;1571.4
01/06/2018;ALPA4;7721.71
01/06/2018;ALUP11;6017.74
01/06/2018;ABEV3;241790.81
01/06/2018;AMER3;19214.94
01/06/2018;ANIM3;1319.75
01/06/2018;ARZZ3;4969.22
01/06/2018;AZEV4;98.46
01/06/2018;BLUT4;1.37
01/06/2018;BRAP3;10520.21
01/06/2018;BRAP4;10520.21
01/06/2018;AGRO3;839.85
01/06/2018;BRKM5;36869.4
01/06/2018;BRFS3;17794.35
01/06/2018;CCRO3;22624,00
01/06/2018;CLSC4;1863.45
01/06/2018;CMIG4;20781.04
01/06/2018;CESP6;7033.45
01/06/2018;COCE5;3256.37
01/06/2018;COGN3;14454.6
01/06/2018;CGAS5;8080.24
01/06/2018;CSMG3;7777.02
01/06/2018;CPLE6;8251.4
01/06/2018;CSAN3;13133.59
01/06/2018;CPFE3;29366.84
01/06/2018;CRPG5;790.96
01/06/2018;CARD3;283.13
01/06/2018;CVCB3;8868.45
01/06/2018;CYRE3;5944.02
01/06/2018;DASA3;8241.17
01/06/2018;DXCO3;8156.42
01/06/2018;DEXP3;58.92
01/06/2018;PNVL3;1359.47
01/06/2018;DIRR3;1102.46
01/06/2018;ECOR3;5219.62
01/06/2018;ELET3;33820.95
01/06/2018;EMBR3;15951.86
01/06/2018;ENAT3;2444.77
01/06/2018;ENBR3;8494.71
01/06/2018;ENGI3;13872.27
01/06/2018;ENEV3;5068.19
01/06/2018;EGIE3;26941.93
01/06/2018;EQTL3;14820.27
01/06/2018;ETER3;83.5
01/06/2018;EUCA4;397.19
01/06/2018;EVEN3;1283.25
01/06/2018;EZTC3;4128.34
01/06/2018;FHER3;242.36
01/06/2018;FESA4;1854.01
01/06/2018;FLRY3;6252.72
01/06/2018;FRAS3;987,00
01/06/2018;GFSA3;672.37
01/06/2018;GGBR4;23661.57
01/06/2018;GOAU4;6942.94
01/06/2018;GRND3;7382.09
01/06/2018;NTCO3;19382.72
01/06/2018;GUAR3;10070.42
01/06/2018;HBOR3;682.71
01/06/2018;HYPE3;19087.81
01/06/2018;PARD3;2434.16
01/06/2018;MEAL3;1120.04
01/06/2018;ROMI3;529.89
01/06/2018;MYPK3;3556.05
01/06/2018;RANI3;484.29
01/06/2018;JBSS3;30865.42
01/06/2018;JHSF3;1010.43
01/06/2018;KEPL3;392.58
01/06/2018;KLBN11;17945.11
01/06/2018;LIGT3;3364.91
01/06/2018;RENT3;19694.05
01/06/2018;LCAM3;5502.17
01/06/2018;LOGN3;287.48
01/06/2018;AMAR3;1060.21
01/06/2018;LREN3;30440.61
01/06/2018;LUPA3;29.69
01/06/2018;MDIA3;14509.2
01/06/2018;MGLU3;34103.75
01/06/2018;POMO4;3478.44
01/06/2018;MRFG3;3380.51
01/06/2018;LEVE3;3223.11
01/06/2018;MILS3;741.76
01/06/2018;BEEF3;1861.95
01/06/2018;MOVI3;2256.36
01/06/2018;MRVE3;5450.9
01/06/2018;ODPV3;7289.45
01/06/2018;OIBR3;3029.22
01/06/2018;OFSA3;1818.08
01/06/2018;PCAR3;21590.24
01/06/2018;PETR4;316085.35
01/06/2018;PRIO3;1206.25
01/06/2018;PTBL3;822.56
01/06/2018;POSI3;192.56
01/06/2018;PFRM3;481.86
01/06/2018;QUAL3;3616.1
01/06/2018;RADL3;18821.75
01/06/2018;RAPT4;2883.12
01/06/2018;RAIL3;26503.27
01/06/2018;SBSP3;21530.56
01/06/2018;SAPR4;6242.37
01/06/2018;STBP3;2804.74
01/06/2018;SMTO3;6381.1
01/06/2018;SHUL4;621.77
01/06/2018;SEER3;2001.62
01/06/2018;CSNA3;12200.21
01/06/2018;SQIA3;291.51
01/06/2018;SLCE3;3938.2
01/06/2018;SGPS3;345,00
01/06/2018;TAEE11;8368.5
01/06/2018;TASA4;296.36
01/06/2018;TECN3;190.15
01/06/2018;TCSA3;480.23
01/06/2018;TGMA3;1813.29
01/06/2018;TELB4;1121.08
01/06/2018;VIVT3;75255.71
01/06/2018;LAND3;219.27
01/06/2018;TIMS3;28679.94
01/06/2018;SHOW3;496.57
01/06/2018;TOTS3;4424.64
01/06/2018;TRPL4;11376.69
01/06/2018;TRIS3;599.08
01/06/2018;TPIS3;270.67
01/06/2018;TUPY3;2904.9
01/06/2018;UGPA3;28888.4
01/06/2018;UCAS3;187.02
01/06/2018;UNIP6;3244.25
01/06/2018;USIM5;12894.23
01/06/2018;VALE3;261439.21
01/06/2018;VLID3;1267.29
01/06/2018;VIIA3;5679.36
01/06/2018;VULC3;1744.87
01/06/2018;WEGE3;36784.27
01/06/2018;PORT3;0,00
01/06/2018;YDUQ3;7130.68
01/06/2019;AESB3;6972.46
01/06/2019;AALR3;2148.09
01/06/2019;ALPA4;17519.42
01/06/2019;ALUP11;9189.51
01/06/2019;ABEV3;293678.22
01/06/2019;AMER3;32890.19
01/06/2019;ANIM3;2361.93
01/06/2019;ARZZ3;5820.74
01/06/2019;AZEV4;28.12
01/06/2019;BLUT4;12.55
01/06/2019;BRAP3;12967.22
01/06/2019;BRAP4;12967.22
01/06/2019;AGRO3;1026.14
01/06/2019;BRKM5;24520.76
01/06/2019;BRFS3;28573.94
01/06/2019;CCRO3;38339.6
01/06/2019;CLSC4;1880.07
01/06/2019;CMIG4;20986.16
01/06/2019;CESP6;10521.93
01/06/2019;COCE5;4358.56
01/06/2019;COGN3;18689.59
01/06/2019;CGAS5;18922.51
01/06/2019;CSMG3;8593.53
01/06/2019;CPLE6;18905.73
01/06/2019;CSAN3;27191.73
01/06/2019;CPFE3;40962.65
01/06/2019;CRPG5;756.56
01/06/2019;CARD3;503.94
01/06/2019;CVCB3;6523.04
01/06/2019;CYRE3;11413.64
01/06/2019;DASA3;17991.78
01/06/2019;DXCO3;11532.34
01/06/2019;DEXP3;248.79
01/06/2019;PNVL3;2592.95
01/06/2019;DIRR3;2218.88
01/06/2019;ECOR3;9070.84
01/06/2019;ELET3;51246.98
01/06/2019;EMBR3;14522.86
01/06/2019;ENAT3;4195.64
01/06/2019;ENBR3;13130.21
01/06/2019;ENGI3;21041.1
01/06/2019;ENEV3;13783.45
01/06/2019;EGIE3;41449.13
01/06/2019;EQTL3;23022.14
01/06/2019;ETER3;135.31
01/06/2019;EUCA4;2502.84
01/06/2019;EVEN3;3266.2
01/06/2019;EZTC3;11781.3
01/06/2019;FHER3;194.42
01/06/2019;FESA4;2092.41
01/06/2019;FLRY3;9670.21
01/06/2019;FRAS3;1223.03
01/06/2019;GFSA3;1014.55
01/06/2019;GGBR4;32325.94
01/06/2019;GOAU4;9801.52
01/06/2019;GRND3;11073.98
01/06/2019;NTCO3;33475.03
01/06/2019;GUAR3;11842.47
01/06/2019;HBOR3;3018.78
01/06/2019;HYPE3;22523,00
01/06/2019;PARD3;3543.2
01/06/2019;MEAL3;1588.69
01/06/2019;ROMI3;1103.15
01/06/2019;MYPK3;3562.29
01/06/2019;RANI3;660.51
01/06/2019;JBSS3;68758.05
01/06/2019;JHSF3;4549.37
01/06/2019;KEPL3;774.89
01/06/2019;KLBN11;20098.36
01/06/2019;LIGT3;7221.47
01/06/2019;RENT3;35826.17
01/06/2019;LCAM3;11408.56
01/06/2019;LOGN3;2152.29
01/06/2019;AMAR3;3461.94
01/06/2019;LREN3;44599.52
01/06/2019;LUPA3;43.23
01/06/2019;MDIA3;12847.85
01/06/2019;MGLU3;77244.74
01/06/2019;POMO4;4204.74
01/06/2019;MRFG3;6981.94
01/06/2019;LEVE3;3695.28
01/06/2019;MILS3;2608.19
01/06/2019;BEEF3;5141.73
01/06/2019;MOVI3;5686.11
01/06/2019;MRVE3;9564.34
01/06/2019;ODPV3;8940.85
01/06/2019;OIBR3;5176.72
01/06/2019;OFSA3;2319.81
01/06/2019;PCAR3;23592.12
01/06/2019;PETR4;407218.85
01/06/2019;PRIO3;4419.46
01/06/2019;PTBL3;851.09
01/06/2019;POSI3;882.53
01/06/2019;PFRM3;793.29
01/06/2019;QUAL3;10442.76
01/06/2019;RADL3;36802.86
01/06/2019;RAPT4;4325.07
01/06/2019;RAIL3;40690.31
01/06/2019;SBSP3;41393.36
01/06/2019;SAPR4;9844.58
01/06/2019;STBP3;5461.48
01/06/2019;SMTO3;8246.2
01/06/2019;SHUL4;902.45
01/06/2019;SEER3;3572.02
01/06/2019;CSNA3;19473.42
01/06/2019;SQIA3;1728.45
01/06/2019;SLCE3;4637.72
01/06/2019;SGPS3;614.5
01/06/2019;TAEE11;10721.76
01/06/2019;TASA4;489.03
01/06/2019;TECN3;278.27
01/06/2019;TCSA3;1347.23
01/06/2019;TGMA3;2482.56
01/06/2019;TELB4;4266.9
01/06/2019;VIVT3;91470.45
01/06/2019;LAND3;476.08
01/06/2019;TIMS3;37934.28
01/06/2019;SHOW3;420.54
01/06/2019;TOTS3;12308.76
01/06/2019;TRPL4;16151.8
01/06/2019;TRIS3;2855.26
01/06/2019;TPIS3;293.23
01/06/2019;TUPY3;3647.7
01/06/2019;UGPA3;27672.04
01/06/2019;UCAS3;333.74
01/06/2019;UNIP6;3519.3
01/06/2019;USIM5;11946.38
01/06/2019;VALE3;273337.48
01/06/2019;VLID3;1193.78
01/06/2019;VIIA3;14510.42
01/06/2019;VULC3;2260.96
01/06/2019;WEGE3;72700.77
01/06/2019;PORT3;0,00
01/06/2019;YDUQ3;14281.4
01/06/2020;AESB3;6660.85
01/06/2020;AALR3;1312.84
01/06/2020;ALPA4;23136.44
01/06/2020;ALUP11;7859.91
01/06/2020;ABEV3;246251.42
01/06/2020;AMER3;42330.87
01/06/2020;ANIM3;4767.61
01/06/2020;ARZZ3;6792.57
01/06/2020;AZEV4;82.63
01/06/2020;BLUT4;8.75
01/06/2020;BRAP3;21382.8
01/06/2020;BRAP4;21382.8
01/06/2020;AGRO3;1472.98
01/06/2020;BRKM5;19504.09
01/06/2020;BRFS3;17801.87
01/06/2020;CCRO3;27209.4
01/06/2020;CLSC4;2154.35
01/06/2020;CMIG4;22605.15
01/06/2020;CESP6;9406.25
01/06/2020;COCE5;5276.97
01/06/2020;COGN3;8653.32
01/06/2020;CGAS5;23032,00
01/06/2020;CSMG3;6218.57
01/06/2020;CPLE6;19791.28
01/06/2020;CSAN3;28963.77
01/06/2020;CPFE3;37505.88
01/06/2020;CRPG5;993.69
01/06/2020;CARD3;620.33
01/06/2020;CVCB3;3554.29
01/06/2020;CYRE3;11335.18
01/06/2020;DASA3;34845.71
01/06/2020;DXCO3;13217.34
01/06/2020;DEXP3;695.88
01/06/2020;PNVL3;3251.53
01/06/2020;DIRR3;1920.38
01/06/2020;ECOR3;7460.27
01/06/2020;ELET3;57626.44
01/06/2020;EMBR3;6515.13
01/06/2020;ENAT3;3111.13
01/06/2020;ENBR3;11764.65
01/06/2020;ENGI3;21857.28
01/06/2020;ENEV3;19613.42
01/06/2020;EGIE3;35851.86
01/06/2020;EQTL3;23371.71
01/06/2020;ETER3;653.57
01/06/2020;EUCA4;1159.04
01/06/2020;EVEN3;2489.67
01/06/2020;EZTC3;9738.3
01/06/2020;FHER3;159.42
01/06/2020;FESA4;1984.46
01/06/2020;FLRY3;8569.83
01/06/2020;FRAS3;2171.41
01/06/2020;GFSA3;1306.45
01/06/2020;GGBR4;39208.45
01/06/2020;GOAU4;11653.43
01/06/2020;GRND3;7554.6
01/06/2020;NTCO3;72179.15
01/06/2020;GUAR3;7443.07
01/06/2020;HBOR3;1622.85
01/06/2020;HYPE3;21694.34
01/06/2020;PARD3;2887.91
01/06/2020;MEAL3;1201.72
01/06/2020;ROMI3;1133.01
01/06/2020;MYPK3;2361.74
01/06/2020;RANI3;1370.91
01/06/2020;JBSS3;61765.02
01/06/2020;JHSF3;5348.37
01/06/2020;KEPL3;999.86
01/06/2020;KLBN11;28948.08
01/06/2020;LIGT3;7385.6
01/06/2020;RENT3;51827.72
01/06/2020;LCAM3;14853.22
01/06/2020;LOGN3;1687.1
01/06/2020;AMAR3;1780.8
01/06/2020;LREN3;34527.7
01/06/2020;LUPA3;63.56
01/06/2020;MDIA3;11512.36
01/06/2020;MGLU3;161261.51
01/06/2020;POMO4;2644.74
01/06/2020;MRFG3;10040.29
01/06/2020;LEVE3;2690.63
01/06/2020;MILS3;1539.13
01/06/2020;BEEF3;5325.85
01/06/2020;MOVI3;6146.98
01/06/2020;MRVE3;9133.01
01/06/2020;ODPV3;7717.34
01/06/2020;OIBR3;13191.87
01/06/2020;OFSA3;2050.06
01/06/2020;PCAR3;20121.88
01/06/2020;PETR4;373468.19
01/06/2020;PRIO3;9606.92
01/06/2020;PTBL3;1060.07
01/06/2020;POSI3;716.03
01/06/2020;PFRM3;747.93
01/06/2020;QUAL3;9886.96
01/06/2020;RADL3;41302.24
01/06/2020;RAPT4;4785.3
01/06/2020;RAIL3;35646.66
01/06/2020;SBSP3;30375.18
01/06/2020;SAPR4;8014.77
01/06/2020;STBP3;4523.3
01/06/2020;SMTO3;9476.82
01/06/2020;SHUL4;1204.91
01/06/2020;SEER3;2010.63
01/06/2020;CSNA3;43956.65
01/06/2020;SQIA3;1654.76
01/06/2020;SLCE3;5149.2
01/06/2020;SGPS3;389.5
01/06/2020;TAEE11;11570.74
01/06/2020;TASA4;1397.54
01/06/2020;TECN3;100.49
01/06/2020;TCSA3;735.45
01/06/2020;TGMA3;1778.34
01/06/2020;TELB4;4925.59
01/06/2020;VIVT3;78500.09
01/06/2020;LAND3;566.47
01/06/2020;TIMS3;35458.96
01/06/2020;SHOW3;267.63
01/06/2020;TOTS3;16306.06
01/06/2020;TRPL4;18720.77
01/06/2020;TRIS3;2278.72
01/06/2020;TPIS3;404.27
01/06/2020;TUPY3;3022.89
01/06/2020;UGPA3;25882.92
01/06/2020;UCAS3;280.87
01/06/2020;UNIP6;4751.03
01/06/2020;USIM5;18736.85
01/06/2020;VALE3;448610.72
01/06/2020;VLID3;650.77
01/06/2020;VIIA3;25808.2
01/06/2020;VULC3;1963.59
01/06/2020;WEGE3;158882.83
01/06/2020;PORT3;0,00
01/06/2020;YDUQ3;9918.17
01/06/2021;AESB3;5447.62
01/06/2021;AALR3;1761.92
01/06/2021;ALPA4;19529.51
01/06/2021;ALUP11;7097.9
01/06/2021;ABEV3;242690.28
01/06/2021;AMER3;28393.54
01/06/2021;ANIM3;3305.08
01/06/2021;ARZZ3;7648.67
01/06/2021;AZEV4;246.84
01/06/2021;BLUT4;19.88
01/06/2021;BRAP3;9380.55
01/06/2021;BRAP4;9380.55
01/06/2021;AGRO3;2855.74
01/06/2021;BRKM5;45481.53
01/06/2021;BRFS3;18183.09
01/06/2021;CCRO3;23411.8
01/06/2021;CLSC4;2507.7
01/06/2021;CMIG4;25253.7
01/06/2021;CESP6;7095.64
01/06/2021;COCE5;4562.51
01/06/2021;COGN3;4609.41
01/06/2021;CGAS5;19800.81
01/06/2021;CSMG3;4819.4
01/06/2021;CPLE6;17095.39
01/06/2021;CSAN3;40530.59
01/06/2021;CPFE3;30914.99
01/06/2021;CRPG5;2086.59
01/06/2021;CARD3;537.28
01/06/2021;CVCB3;3018.51
01/06/2021;CYRE3;6067.47
01/06/2021;DASA3;18908.54
01/06/2021;DXCO3;11286.93
01/06/2021;DEXP3;966.45
01/06/2021;PNVL3;1980,00
01/06/2021;DIRR3;1896.29
01/06/2021;ECOR3;5091.95
01/06/2021;ELET3;52310.58
01/06/2021;EMBR3;18233.59
01/06/2021;ENAT3;3502.08
01/06/2021;ENBR3;12076.73
01/06/2021;ENGI3;17616.31
01/06/2021;ENEV3;17832.08
01/06/2021;EGIE3;31339.78
01/06/2021;EQTL3;22195.55
01/06/2021;ETER3;1294.64
01/06/2021;EUCA4;908.49
01/06/2021;EVEN3;1345.45
01/06/2021;EZTC3;4539.17
01/06/2021;FHER3;989.36
01/06/2021;FESA4;4394.91
01/06/2021;FLRY3;5702.27
01/06/2021;FRAS3;2988.9
01/06/2021;GFSA3;677.67
01/06/2021;GGBR4;43759.11
01/06/2021;GOAU4;12027.78
01/06/2021;GRND3;7801.9
01/06/2021;NTCO3;34958.24
01/06/2021;GUAR3;4917.09
01/06/2021;HBOR3;621.01
01/06/2021;HYPE3;17830.5
01/06/2021;PARD3;2448.01
01/06/2021;MEAL3;693.63
01/06/2021;ROMI3;1350.08
01/06/2021;MYPK3;2338.88
01/06/2021;RANI3;1735.72
01/06/2021;JBSS3;87049.86
01/06/2021;JHSF3;3801.67
01/06/2021;KEPL3;1174.47
01/06/2021;KLBN11;28756.6
01/06/2021;LIGT3;4377.53
01/06/2021;RENT3;39866.18
01/06/2021;LCAM3;11913.38
01/06/2021;LOGN3;2469.09
01/06/2021;AMAR3;1302.13
01/06/2021;LREN3;24088.55
01/06/2021;LUPA3;154.9
01/06/2021;MDIA3;8606.79
01/06/2021;MGLU3;48125.04
01/06/2021;POMO4;2678.6
01/06/2021;MRFG3;14653.93
01/06/2021;LEVE3;3881.98
01/06/2021;MILS3;1555.58
01/06/2021;BEEF3;6186.66
01/06/2021;MOVI3;5701.56
01/06/2021;MRVE3;5794.49
01/06/2021;ODPV3;6511.52
01/06/2021;OIBR3;5094.33
01/06/2021;OFSA3;1371.07
01/06/2021;PCAR3;5850.06
01/06/2021;PETR4;387852.55
01/06/2021;PRIO3;17347.37
01/06/2021;PTBL3;1359.11
01/06/2021;POSI3;1523.58
01/06/2021;PFRM3;723.4
01/06/2021;QUAL3;4694.05
01/06/2021;RADL3;40025.98
01/06/2021;RAPT4;3774.41
01/06/2021;RAIL3;32914.95
01/06/2021;SBSP3;27463.43
01/06/2021;SAPR4;5638.32
01/06/2021;STBP3;5545.31
01/06/2021;SMTO3;11929.16
01/06/2021;SHUL4;1501.27
01/06/2021;SEER3;1350.29
01/06/2021;CSNA3;33529.93
01/06/2021;SQIA3;1417.45
01/06/2021;SLCE3;8506.45
01/06/2021;SGPS3;245.5
01/06/2021;TAEE11;12552.55
01/06/2021;TASA4;2880.99
01/06/2021;TECN3;170.58
01/06/2021;TCSA3;265.76
01/06/2021;TGMA3;1030.61
01/06/2021;TELB4;2457.86
01/06/2021;VIVT3;80811.64
01/06/2021;LAND3;2163.18
01/06/2021;TIMS3;31828.34
01/06/2021;SHOW3;251.45
01/06/2021;TOTS3;17415.36
01/06/2021;TRPL4;17639.88
01/06/2021;TRIS3;1083.57
01/06/2021;TPIS3;366.1
01/06/2021;TUPY3;2876.35
01/06/2021;UGPA3;15868.25
01/06/2021;UCAS3;278.22
01/06/2021;UNIP6;9743.96
01/06/2021;USIM5;18204.55
01/06/2021;VALE3;377296.54
01/06/2021;VLID3;685.53
01/06/2021;VIIA3;8379.69
01/06/2021;VULC3;2246.21
01/06/2021;WEGE3;138384.46
01/06/2021;PORT3;4056.84
01/06/2021;YDUQ3;6211.44